0 0
0.004 1
0.008 0
0.012 0
0.016 0
0.02 0
0.024 0
0.028 1
0.032 1
0.036 0
0.04 1
0.044 1
0.048 0
0.052 0
0.056 0
0.06 2
0.064 0
0.068 0
0.072 2
0.076 0
0.08 0
0.084 0
0.088 1
0.092 1
0.096 0
0.1 0
0.104 0
0.108 0
0.112 0
0.116 1
0.12 1
0.124 1
0.128 0
0.132 0
0.136 1
0.14 0
0.144 1
0.148 1
0.152 3
0.156 0
0.16 1
0.164 0
0.168 0
0.172 0
0.176 1
0.18 0
0.184 0
0.188 0
0.192 0
0.196 0
0.2 0
0.204 0
0.208 1
0.212 2
0.216 0
0.22 1
0.224 0
0.228 0
0.232 0
0.236 1
0.24 0
0.244 0
0.248 0
0.252 0
0.256 0
0.26 1
0.264 1
0.268 0
0.272 1
0.276 2
0.28 0
0.284 1
0.288 0
0.292 0
0.296 1
0.3 0
0.304 0
0.308 0
0.312 0
0.316 0
0.32 0
0.324 1
0.328 0
0.332 0
0.336 0
0.34 0
0.344 0
0.348 0
0.352 0
0.356 0
0.36 0
0.364 0
0.368 0
0.372 0
0.376 2
0.38 1
0.384 0
0.388 0
0.392 2
0.396 0
0.4 1
0.404 1
0.408 0
0.412 0
0.416 0
0.42 0
0.424 0
0.428 0
0.432 0
0.436 0
0.44 1
0.444 0
0.448 0
0.452 0
0.456 0
0.46 0
0.464 0
0.468 0
0.472 0
0.476 0
0.48 1
0.484 1
0.488 1
0.492 0
0.496 1
0.5 1
0.504 1
0.508 0
0.512 2
0.516 0
0.52 0
0.524 0
0.528 0
0.532 2
0.536 1
0.54 0
0.544 1
0.548 0
0.552 1
0.556 1
0.56 0
0.564 2
0.568 1
0.572 0
0.576 2
0.58 2
0.584 3
0.588 1
0.592 0
0.596 1
0.6 1
0.604 0
0.608 2
0.612 0
0.616 2
0.62 0
0.624 1
0.628 1
0.632 0
0.636 1
0.64 0
0.644 1
0.648 1
0.652 1
0.656 1
0.66 0
0.664 0
0.668 2
0.672 0
0.676 0
0.68 0
0.684 0
0.688 0
0.692 1
0.696 0
0.7 0
0.704 1
0.708 1
0.712 0
0.716 0
0.72 1
0.724 2
0.728 0
0.732 0
0.736 0
0.74 1
0.744 0
0.748 1
0.752 0
0.756 0
0.76 0
0.764 0
0.768 1
0.772 1
0.776 0
0.78 1
0.784 0
0.788 0
0.792 1
0.796 0
0.8 0
0.804 0
0.808 0
0.812 0
0.816 0
0.82 4
0.824 1
0.828 0
0.832 1
0.836 2
0.84 0
0.844 0
0.848 0
0.852 2
0.856 0
0.86 0
0.864 1
0.868 0
0.872 0
0.876 1
0.88 0
0.884 1
0.888 0
0.892 0
0.896 0
0.9 0
0.904 0
0.908 1
0.912 0
0.916 0
0.92 1
0.924 0
0.928 0
0.932 0
0.936 1
0.94 0
0.944 1
0.948 2
0.952 0
0.956 0
0.96 1
0.964 0
0.968 0
0.972 0
0.976 1
0.98 0
0.984 0
0.988 1
0.992 1
0.996 0
1 1
1.004 0
1.008 0
1.012 1
1.016 0
1.02 0
1.024 1
1.028 0
1.032 1
1.036 0
1.04 2
1.044 0
1.048 1
1.052 1
1.056 0
1.06 1
1.064 1
1.068 0
1.072 0
1.076 2
1.08 0
1.084 0
1.088 1
1.092 1
1.096 0
1.1 3
1.104 0
1.108 1
1.112 2
1.116 0
1.12 1
1.124 1
1.128 1
1.132 0
1.136 0
1.14 0
1.144 0
1.148 0
1.152 0
1.156 2
1.16 0
1.164 0
1.168 1
1.172 0
1.176 1
1.18 0
1.184 2
1.188 1
1.192 0
1.196 1
1.2 0
1.204 0
1.208 1
1.212 0
1.216 1
1.22 0
1.224 0
1.228 1
1.232 1
1.236 0
1.24 0
1.244 1
1.248 0
1.252 1
1.256 1
1.26 1
1.264 3
1.268 0
1.272 0
1.276 0
1.28 0
1.284 0
1.288 0
1.292 0
1.296 0
1.3 0
1.304 1
1.308 0
1.312 0
1.316 0
1.32 0
1.324 1
1.328 1
1.332 0
1.336 0
1.34 0
1.344 0
1.348 2
1.352 0
1.356 0
1.36 2
1.364 0
1.368 0
1.372 1
1.376 0
1.38 0
1.384 0
1.388 2
1.392 0
1.396 2
1.4 0
1.404 0
1.408 0
1.412 2
1.416 1
1.42 1
1.424 2
1.428 0
1.432 3
1.436 0
1.44 0
1.444 1
1.448 0
1.452 1
1.456 1
1.46 0
1.464 1
1.468 2
1.472 1
1.476 3
1.48 1
1.484 0
1.488 1
1.492 0
1.496 0
1.5 1
1.504 0
1.508 0
1.512 2
1.516 0
1.52 0
1.524 0
1.528 1
1.532 1
1.536 1
1.54 1
1.544 0
1.548 0
1.552 0
1.556 0
1.56 0
1.564 0
1.568 0
1.572 0
1.576 0
1.58 0
1.584 0
1.588 0
1.592 0
1.596 0
1.6 1
1.604 0
1.608 0
1.612 0
1.616 0
1.62 0
1.624 0
1.628 1
1.632 1
1.636 0
1.64 0
1.644 2
1.648 1
1.652 3
1.656 0
1.66 1
1.664 0
1.668 2
1.672 0
1.676 0
1.68 2
1.684 0
1.688 1
1.692 3
1.696 1
1.7 1
1.704 1
1.708 2
1.712 2
1.716 1
1.72 0
1.724 1
1.728 3
1.732 0
1.736 2
1.74 1
1.744 1
1.748 0
1.752 3
1.756 4
1.76 1
1.764 5
1.768 4
1.772 3
1.776 1
1.78 5
1.784 5
1.788 4
1.792 4
1.796 6
1.8 5
1.804 7
1.808 5
1.812 4
1.816 4
1.82 6
1.824 6
1.828 6
1.832 5
1.836 12
1.84 11
1.844 9
1.848 10
1.852 14
1.856 12
1.86 11
1.864 13
1.868 12
1.872 14
1.876 13
1.88 15
1.884 13
1.888 14
1.892 19
1.896 10
1.9 21
1.904 23
1.908 20
1.912 15
1.916 19
1.92 20
1.924 30
1.928 29
1.932 22
1.936 36
1.94 37
1.944 24
1.948 30
1.952 34
1.956 36
1.96 30
1.964 32
1.968 35
1.972 25
1.976 27
1.98 33
1.984 36
1.988 38
1.992 37
1.996 41
2 28
2.004 30
2.008 39
2.012 36
2.016 36
2.02 30
2.024 33
2.028 36
2.032 53
2.036 47
2.04 38
2.044 36
2.048 44
2.052 51
2.056 51
2.06 54
2.064 51
2.068 49
2.072 40
2.076 40
2.08 41
2.084 41
2.088 41
2.092 49
2.096 51
2.1 64
2.104 37
2.108 46
2.112 51
2.116 42
2.12 54
2.124 54
2.128 56
2.132 56
2.136 58
2.14 52
2.144 40
2.148 51
2.152 47
2.156 66
2.16 54
2.164 55
2.168 51
2.172 46
2.176 45
2.18 39
2.184 54
2.188 39
2.192 52
2.196 38
2.2 39
2.204 55
2.208 41
2.212 51
2.216 42
2.22 46
2.224 37
2.228 50
2.232 41
2.236 31
2.24 45
2.244 51
2.248 37
2.252 44
2.256 43
2.26 39
2.264 59
2.268 45
2.272 37
2.276 35
2.28 42
2.284 39
2.288 47
2.292 35
2.296 38
2.3 32
2.304 47
2.308 50
2.312 43
2.316 44
2.32 39
2.324 42
2.328 35
2.332 35
2.336 46
2.34 39
2.344 42
2.348 44
2.352 40
2.356 39
2.36 41
2.364 45
2.368 44
2.372 39
2.376 40
2.38 46
2.384 42
2.388 54
2.392 32
2.396 35
2.4 32
2.404 47
2.408 37
2.412 44
2.416 36
2.42 34
2.424 33
2.428 45
2.432 32
2.436 26
2.44 30
2.444 35
2.448 26
2.452 19
2.456 31
2.46 29
2.464 33
2.468 34
2.472 29
2.476 32
2.48 29
2.484 21
2.488 37
2.492 32
2.496 38
2.5 24
2.504 30
2.508 20
2.512 34
2.516 37
2.52 24
2.524 31
2.528 37
2.532 25
2.536 39
2.54 29
2.544 29
2.548 26
2.552 32
2.556 29
2.56 25
2.564 19
2.568 30
2.572 31
2.576 26
2.58 24
2.584 27
2.588 24
2.592 26
2.596 18
2.6 27
2.604 27
2.608 38
2.612 17
2.616 24
2.62 30
2.624 18
2.628 29
2.632 23
2.636 27
2.64 25
2.644 27
2.648 16
2.652 19
2.656 18
2.66 21
2.664 23
2.668 17
2.672 23
2.676 28
2.68 19
2.684 24
2.688 24
2.692 26
2.696 29
2.7 26
2.704 21
2.708 17
2.712 20
2.716 17
2.72 20
2.724 21
2.728 33
2.732 22
2.736 31
2.74 18
2.744 30
2.748 14
2.752 14
2.756 21
2.76 18
2.764 14
2.768 21
2.772 28
2.776 18
2.78 13
2.784 14
2.788 15
2.792 17
2.796 14
2.8 18
2.804 22
2.808 21
2.812 17
2.816 24
2.82 19
2.824 15
2.828 16
2.832 14
2.836 16
2.84 17
2.844 14
2.848 17
2.852 12
2.856 17
2.86 19
2.864 13
2.868 15
2.872 19
2.876 22
2.88 32
2.884 13
2.888 22
2.892 19
2.896 12
2.9 8
2.904 22
2.908 17
2.912 7
2.916 19
2.92 11
2.924 22
2.928 21
2.932 10
2.936 10
2.94 9
2.944 17
2.948 17
2.952 10
2.956 12
2.96 13
2.964 16
2.968 11
2.972 10
2.976 12
2.98 17
2.984 18
2.988 16
2.992 12
2.996 13
3 21
3.004 14
3.008 19
3.012 10
3.016 13
3.02 12
3.024 13
3.028 11
3.032 18
3.036 16
3.04 13
3.044 11
3.048 11
3.052 10
3.056 20
3.06 19
3.064 16
3.068 15
3.072 19
3.076 17
3.08 15
3.084 12
3.088 14
3.092 12
3.096 9
3.1 11
3.104 13
3.108 15
3.112 11
3.116 13
3.12 16
3.124 16
3.128 16
3.132 16
3.136 13
3.14 10
3.144 12
3.148 17
3.152 14
3.156 10
3.16 15
3.164 13
3.168 9
3.172 18
3.176 8
3.18 18
3.184 22
3.188 13
3.192 19
3.196 13
3.2 10
3.204 14
3.208 13
3.212 7
3.216 11
3.22 9
3.224 15
3.228 15
3.232 14
3.236 9
3.24 17
3.244 16
3.248 18
3.252 14
3.256 6
3.26 13
3.264 16
3.268 8
3.272 14
3.276 11
3.28 12
3.284 14
3.288 20
3.292 9
3.296 9
3.3 11
3.304 18
3.308 12
3.312 10
3.316 8
3.32 5
3.324 11
3.328 20
3.332 10
3.336 5
3.34 9
3.344 9
3.348 12
3.352 8
3.356 6
3.36 12
3.364 3
3.368 10
3.372 14
3.376 10
3.38 11
3.384 10
3.388 12
3.392 14
3.396 11
3.4 6
3.404 10
3.408 20
3.412 15
3.416 11
3.42 16
3.424 11
3.428 10
3.432 9
3.436 9
3.44 16
3.444 7
3.448 12
3.452 15
3.456 13
3.46 11
3.464 11
3.468 14
3.472 9
3.476 8
3.48 10
3.484 8
3.488 12
3.492 12
3.496 12
3.5 10
3.504 7
3.508 14
3.512 8
3.516 10
3.52 9
3.524 8
3.528 15
3.532 8
3.536 12
3.54 13
3.544 11
3.548 8
3.552 9
3.556 13
3.56 13
3.564 11
3.568 7
3.572 7
3.576 12
3.58 12
3.584 9
3.588 4
3.592 14
3.596 9
3.6 8
3.604 9
3.608 6
3.612 7
3.616 10
3.62 8
3.624 16
3.628 5
3.632 9
3.636 11
3.64 11
3.644 9
3.648 14
3.652 12
3.656 8
3.66 10
3.664 8
3.668 11
3.672 7
3.676 6
3.68 2
3.684 5
3.688 12
3.692 11
3.696 8
3.7 8
3.704 13
3.708 6
3.712 12
3.716 8
3.72 11
3.724 10
3.728 16
3.732 7
3.736 10
3.74 6
3.744 13
3.748 15
3.752 13
3.756 7
3.76 14
3.764 6
3.768 6
3.772 10
3.776 12
3.78 5
3.784 11
3.788 6
3.792 14
3.796 11
3.8 4
3.804 10
3.808 3
3.812 11
3.816 9
3.82 13
3.824 13
3.828 5
3.832 10
3.836 5
3.84 8
3.844 10
3.848 7
3.852 10
3.856 5
3.86 12
3.864 8
3.868 9
3.872 6
3.876 12
3.88 9
3.884 10
3.888 10
3.892 5
3.896 4
3.9 10
3.904 8
3.908 9
3.912 9
3.916 6
3.92 3
3.924 6
3.928 9
3.932 5
3.936 9
3.94 6
3.944 7
3.948 9
3.952 7
3.956 8
3.96 4
3.964 11
3.968 11
3.972 7
3.976 8
3.98 9
3.984 13
3.988 13
3.992 8
3.996 14
4 9
4.004 7
4.008 4
4.012 12
4.016 8
4.02 7
4.024 13
4.028 11
4.032 6
4.036 10
4.04 8
4.044 4
4.048 2
4.052 9
4.056 10
4.06 10
4.064 7
4.068 2
4.072 6
4.076 5
4.08 5
4.084 6
4.088 2
4.092 4
4.096 9
4.1 10
4.104 7
4.108 7
4.112 8
4.116 6
4.12 6
4.124 10
4.128 9
4.132 6
4.136 8
4.14 8
4.144 6
4.148 8
4.152 7
4.156 5
4.16 7
4.164 8
4.168 8
4.172 5
4.176 5
4.18 7
4.184 5
4.188 10
4.192 6
4.196 4
4.2 5
4.204 9
4.208 12
4.212 10
4.216 11
4.22 7
4.224 6
4.228 6
4.232 9
4.236 8
4.24 10
4.244 10
4.248 5
4.252 7
4.256 4
4.26 12
4.264 8
4.268 9
4.272 6
4.276 7
4.28 6
4.284 5
4.288 8
4.292 8
4.296 7
4.3 2
4.304 7
4.308 6
4.312 7
4.316 10
4.32 8
4.324 5
4.328 5
4.332 7
4.336 4
4.34 7
4.344 6
4.348 11
4.352 1
4.356 8
4.36 7
4.364 8
4.368 10
4.372 8
4.376 6
4.38 6
4.384 7
4.388 8
4.392 7
4.396 7
4.4 7
4.404 11
4.408 10
4.412 8
4.416 7
4.42 6
4.424 7
4.428 9
4.432 4
4.436 5
4.44 5
4.444 8
4.448 4
4.452 5
4.456 4
4.46 5
4.464 4
4.468 8
4.472 5
4.476 9
4.48 5
4.484 3
4.488 8
4.492 10
4.496 7
4.5 8
4.504 9
4.508 5
4.512 6
4.516 5
4.52 8
4.524 2
4.528 6
4.532 8
4.536 6
4.54 4
4.544 4
4.548 5
4.552 6
4.556 6
4.56 12
4.564 4
4.568 6
4.572 2
4.576 4
4.58 9
4.584 4
4.588 5
4.592 11
4.596 6
4.6 6
4.604 9
4.608 3
4.612 3
4.616 5
4.62 7
4.624 4
4.628 4
4.632 7
4.636 3
4.64 5
4.644 3
4.648 6
4.652 8
4.656 6
4.66 8
4.664 4
4.668 7
4.672 8
4.676 4
4.68 6
4.684 3
4.688 4
4.692 7
4.696 6
4.7 7
4.704 6
4.708 3
4.712 9
4.716 8
4.72 4
4.724 10
4.728 3
4.732 8
4.736 3
4.74 10
4.744 4
4.748 5
4.752 9
4.756 7
4.76 3
4.764 4
4.768 5
4.772 4
4.776 2
4.78 4
4.784 5
4.788 4
4.792 2
4.796 3
4.8 7
4.804 4
4.808 9
4.812 3
4.816 8
4.82 7
4.824 5
4.828 2
4.832 5
4.836 2
4.84 4
4.844 8
4.848 9
4.852 5
4.856 3
4.86 9
4.864 3
4.868 4
4.872 5
4.876 8
4.88 6
4.884 6
4.888 5
4.892 5
4.896 10
4.9 5
4.904 7
4.908 5
4.912 4
4.916 4
4.92 9
4.924 6
4.928 5
4.932 2
4.936 6
4.94 8
4.944 7
4.948 6
4.952 10
4.956 6
4.96 4
4.964 5
4.968 4
4.972 6
4.976 3
4.98 3
4.984 7
4.988 4
4.992 2
4.996 4
5 6
5.004 6
5.008 6
5.012 1
5.016 4
5.02 7
5.024 6
5.028 5
5.032 7
5.036 7
5.04 8
5.044 4
5.048 6
5.052 2
5.056 7
5.06 6
5.064 5
5.068 1
5.072 5
5.076 5
5.08 5
5.084 1
5.088 3
5.092 7
5.096 10
5.1 4
5.104 4
5.108 2
5.112 5
5.116 5
5.12 2
5.124 2
5.128 6
5.132 6
5.136 8
5.14 8
5.144 6
5.148 8
5.152 7
5.156 7
5.16 7
5.164 2
5.168 9
5.172 2
5.176 1
5.18 1
5.184 2
5.188 8
5.192 6
5.196 2
5.2 5
5.204 5
5.208 5
5.212 6
5.216 3
5.22 4
5.224 3
5.228 4
5.232 7
5.236 3
5.24 2
5.244 5
5.248 5
5.252 5
5.256 8
5.26 3
5.264 4
5.268 9
5.272 5
5.276 3
5.28 6
5.284 3
5.288 6
5.292 4
5.296 2
5.3 1
5.304 6
5.308 8
5.312 1
5.316 5
5.32 3
5.324 2
5.328 4
5.332 4
5.336 3
5.34 5
5.344 1
5.348 3
5.352 10
5.356 3
5.36 1
5.364 5
5.368 8
5.372 1
5.376 5
5.38 2
5.384 5
5.388 5
5.392 3
5.396 1
5.4 1
5.404 6
5.408 3
5.412 8
5.416 9
5.42 5
5.424 4
5.428 2
5.432 5
5.436 4
5.44 5
5.444 2
5.448 4
5.452 4
5.456 4
5.46 3
5.464 4
5.468 2
5.472 5
5.476 6
5.48 4
5.484 1
5.488 3
5.492 2
5.496 2
5.5 4
5.504 5
5.508 5
5.512 3
5.516 8
5.52 4
5.524 6
5.528 6
5.532 10
5.536 3
5.54 3
5.544 4
5.548 5
5.552 2
5.556 3
5.56 1
5.564 4
5.568 5
5.572 6
5.576 3
5.58 4
5.584 2
5.588 2
5.592 5
5.596 1
5.6 3
5.604 4
5.608 1
5.612 2
5.616 5
5.62 3
5.624 2
5.628 5
5.632 0
5.636 2
5.64 2
5.644 7
5.648 4
5.652 9
5.656 2
5.66 5
5.664 4
5.668 5
5.672 6
5.676 4
5.68 2
5.684 5
5.688 4
5.692 6
5.696 5
5.7 7
5.704 4
5.708 4
5.712 2
5.716 5
5.72 3
5.724 4
5.728 1
5.732 1
5.736 3
5.74 4
5.744 6
5.748 5
5.752 3
5.756 2
5.76 7
5.764 4
5.768 2
5.772 2
5.776 4
5.78 2
5.784 4
5.788 4
5.792 5
5.796 5
5.8 2
5.804 2
5.808 4
5.812 4
5.816 1
5.82 2
5.824 7
5.828 3
5.832 4
5.836 3
5.84 4
5.844 4
5.848 4
5.852 2
5.856 5
5.86 4
5.864 2
5.868 1
5.872 4
5.876 3
5.88 3
5.884 2
5.888 6
5.892 0
5.896 2
5.9 3
5.904 2
5.908 2
5.912 3
5.916 2
5.92 3
5.924 6
5.928 2
5.932 2
5.936 2
5.94 3
5.944 3
5.948 5
5.952 1
5.956 2
5.96 1
5.964 1
5.968 3
5.972 1
5.976 4
5.98 2
5.984 4
5.988 2
5.992 2
5.996 1
6 3
6.004 5
6.008 3
6.012 8
6.016 4
6.02 4
6.024 3
6.028 3
6.032 1
6.036 4
6.04 2
6.044 5
6.048 7
6.052 5
6.056 7
6.06 5
6.064 5
6.068 5
6.072 5
6.076 3
6.08 9
6.084 8
6.088 4
6.092 2
6.096 5
6.1 3
6.104 4
6.108 3
6.112 3
6.116 1
6.12 3
6.124 1
6.128 2
6.132 5
6.136 4
6.14 8
6.144 1
6.148 5
6.152 1
6.156 4
6.16 0
6.164 5
6.168 3
6.172 3
6.176 2
6.18 8
6.184 2
6.188 3
6.192 3
6.196 4
6.2 1
6.204 1
6.208 2
6.212 2
6.216 0
6.22 3
6.224 4
6.228 2
6.232 4
6.236 5
6.24 2
6.244 2
6.248 0
6.252 0
6.256 1
6.26 2
6.264 4
6.268 1
6.272 6
6.276 2
6.28 4
6.284 2
6.288 1
6.292 6
6.296 7
6.3 4
6.304 2
6.308 3
6.312 2
6.316 1
6.32 4
6.324 1
6.328 3
6.332 3
6.336 8
6.34 2
6.344 5
6.348 4
6.352 5
6.356 3
6.36 3
6.364 6
6.368 5
6.372 1
6.376 3
6.38 2
6.384 2
6.388 1
6.392 4
6.396 4
6.4 3
6.404 7
6.408 4
6.412 2
6.416 3
6.42 3
6.424 5
6.428 6
6.432 1
6.436 4
6.44 3
6.444 0
6.448 2
6.452 5
6.456 4
6.46 2
6.464 5
6.468 1
6.472 4
6.476 1
6.48 4
6.484 4
6.488 6
6.492 1
6.496 4
6.5 2
6.504 0
6.508 5
6.512 2
6.516 3
6.52 5
6.524 2
6.528 3
6.532 3
6.536 1
6.54 2
6.544 2
6.548 7
6.552 4
6.556 4
6.56 4
6.564 2
6.568 3
6.572 4
6.576 3
6.58 2
6.584 2
6.588 6
6.592 4
6.596 3
6.6 5
6.604 1
6.608 4
6.612 4
6.616 5
6.62 5
6.624 3
6.628 4
6.632 1
6.636 3
6.64 1
6.644 1
6.648 4
6.652 2
6.656 2
6.66 5
6.664 3
6.668 4
6.672 1
6.676 4
6.68 0
6.684 5
6.688 1
6.692 2
6.696 3
6.7 0
6.704 5
6.708 1
6.712 3
6.716 1
6.72 2
6.724 7
6.728 2
6.732 2
6.736 4
6.74 5
6.744 2
6.748 5
6.752 1
6.756 1
6.76 3
6.764 5
6.768 2
6.772 3
6.776 2
6.78 3
6.784 5
6.788 3
6.792 3
6.796 3
6.8 2
6.804 1
6.808 1
6.812 5
6.816 2
6.82 4
6.824 2
6.828 2
6.832 3
6.836 3
6.84 0
6.844 4
6.848 3
6.852 2
6.856 4
6.86 1
6.864 3
6.868 2
6.872 1
6.876 1
6.88 2
6.884 3
6.888 3
6.892 2
6.896 4
6.9 0
6.904 5
6.908 2
6.912 0
6.916 5
6.92 2
6.924 6
6.928 3
6.932 3
6.936 3
6.94 2
6.944 3
6.948 4
6.952 5
6.956 5
6.96 2
6.964 2
6.968 5
6.972 1
6.976 1
6.98 4
6.984 1
6.988 3
6.992 0
6.996 2
7 2
7.004 3
7.008 6
7.012 6
7.016 2
7.02 1
7.024 3
7.028 1
7.032 6
7.036 3
7.04 5
7.044 2
7.048 2
7.052 3
7.056 1
7.06 1
7.064 6
7.068 2
7.072 2
7.076 5
7.08 2
7.084 2
7.088 0
7.092 2
7.096 1
7.1 4
7.104 1
7.108 7
7.112 3
7.116 1
7.12 0
7.124 3
7.128 2
7.132 3
7.136 4
7.14 3
7.144 2
7.148 3
7.152 1
7.156 2
7.16 3
7.164 1
7.168 1
7.172 0
7.176 3
7.18 7
7.184 5
7.188 2
7.192 0
7.196 0
7.2 2
7.204 2
7.208 2
7.212 3
7.216 2
7.22 4
7.224 3
7.228 2
7.232 0
7.236 2
7.24 1
7.244 0
7.248 1
7.252 3
7.256 2
7.26 1
7.264 0
7.268 1
7.272 2
7.276 6
7.28 3
7.284 3
7.288 5
7.292 4
7.296 0
7.3 1
7.304 2
7.308 3
7.312 3
7.316 2
7.32 0
7.324 1
7.328 2
7.332 1
7.336 2
7.34 1
7.344 3
7.348 2
7.352 4
7.356 3
7.36 2
7.364 9
7.368 9
7.372 4
7.376 0
7.38 2
7.384 1
7.388 2
7.392 3
7.396 1
7.4 4
7.404 2
7.408 1
7.412 2
7.416 2
7.42 0
7.424 1
7.428 1
7.432 2
7.436 4
7.44 1
7.444 4
7.448 1
7.452 1
7.456 3
7.46 3
7.464 3
7.468 3
7.472 4
7.476 4
7.48 0
7.484 2
7.488 2
7.492 3
7.496 3
7.5 1
7.504 1
7.508 3
7.512 4
7.516 1
7.52 2
7.524 4
7.528 2
7.532 2
7.536 2
7.54 2
7.544 1
7.548 2
7.552 3
7.556 2
7.56 4
7.564 2
7.568 2
7.572 3
7.576 3
7.58 1
7.584 2
7.588 3
7.592 1
7.596 4
7.6 0
7.604 2
7.608 1
7.612 3
7.616 3
7.62 5
7.624 4
7.628 5
7.632 3
7.636 4
7.64 1
7.644 1
7.648 4
7.652 0
7.656 1
7.66 1
7.664 3
7.668 3
7.672 2
7.676 4
7.68 1
7.684 3
7.688 1
7.692 0
7.696 2
7.7 2
7.704 2
7.708 3
7.712 0
7.716 5
7.72 1
7.724 3
7.728 0
7.732 2
7.736 2
7.74 1
7.744 4
7.748 5
7.752 2
7.756 5
7.76 3
7.764 3
7.768 3
7.772 3
7.776 1
7.78 0
7.784 1
7.788 1
7.792 1
7.796 1
7.8 3
7.804 0
7.808 2
7.812 4
7.816 1
7.82 3
7.824 0
7.828 2
7.832 0
7.836 2
7.84 2
7.844 4
7.848 0
7.852 3
7.856 3
7.86 1
7.864 5
7.868 0
7.872 0
7.876 0
7.88 2
7.884 1
7.888 1
7.892 2
7.896 1
7.9 0
7.904 6
7.908 0
7.912 5
7.916 3
7.92 1
7.924 3
7.928 1
7.932 1
7.936 4
7.94 1
7.944 2
7.948 1
7.952 0
7.956 1
7.96 1
7.964 4
7.968 1
7.972 3
7.976 3
7.98 2
7.984 4
7.988 3
7.992 1
7.996 2
8 1
8.004 2
8.008 1
8.012 3
8.016 4
8.02 0
8.024 2
8.028 3
8.032 3
8.036 2
8.04 0
8.044 1
8.048 3
8.052 1
8.056 2
8.06 5
8.064 7
8.068 0
8.072 4
8.076 6
8.08 5
8.084 1
8.088 3
8.092 0
8.096 3
8.1 0
8.104 2
8.108 3
8.112 0
8.116 6
8.12 0
8.124 1
8.128 1
8.132 4
8.136 1
8.14 3
8.144 2
8.148 1
8.152 2
8.156 4
8.16 2
8.164 3
8.168 3
8.172 3
8.176 3
8.18 4
8.184 3
8.188 1
8.192 1
8.196 1
8.2 1
8.204 3
8.208 1
8.212 1
8.216 1
8.22 0
8.224 0
8.228 1
8.232 1
8.236 1
8.24 1
8.244 2
8.248 0
8.252 1
8.256 1
8.26 2
8.264 3
8.268 2
8.272 0
8.276 0
8.28 1
8.284 3
8.288 3
8.292 3
8.296 1
8.3 2
8.304 2
8.308 1
8.312 1
8.316 2
8.32 2
8.324 2
8.328 1
8.332 0
8.336 2
8.34 2
8.344 3
8.348 3
8.352 1
8.356 1
8.36 1
8.364 2
8.368 1
8.372 2
8.376 4
8.38 1
8.384 4
8.388 0
8.392 0
8.396 0
8.4 1
8.404 2
8.408 2
8.412 2
8.416 3
8.42 2
8.424 3
8.428 1
8.432 2
8.436 1
8.44 4
8.444 1
8.448 0
8.452 3
8.456 2
8.46 1
8.464 2
8.468 4
8.472 2
8.476 1
8.48 2
8.484 1
8.488 0
8.492 2
8.496 1
8.5 2
8.504 3
8.508 1
8.512 2
8.516 1
8.52 1
8.524 6
8.528 2
8.532 3
8.536 0
8.54 1
8.544 4
8.548 2
8.552 1
8.556 1
8.56 4
8.564 1
8.568 1
8.572 3
8.576 1
8.58 3
8.584 1
8.588 2
8.592 1
8.596 1
8.6 2
8.604 2
8.608 1
8.612 1
8.616 3
8.62 2
8.624 1
8.628 2
8.632 3
8.636 0
8.64 2
8.644 0
8.648 2
8.652 1
8.656 1
8.66 0
8.664 3
8.668 1
8.672 1
8.676 2
8.68 2
8.684 1
8.688 3
8.692 2
8.696 3
8.7 1
8.704 3
8.708 2
8.712 2
8.716 0
8.72 0
8.724 1
8.728 1
8.732 1
8.736 1
8.74 2
8.744 1
8.748 2
8.752 1
8.756 2
8.76 1
8.764 2
8.768 0
8.772 1
8.776 4
8.78 1
8.784 2
8.788 1
8.792 2
8.796 2
8.8 2
8.804 0
8.808 0
8.812 2
8.816 0
8.82 0
8.824 1
8.828 0
8.832 1
8.836 1
8.84 2
8.844 1
8.848 0
8.852 1
8.856 1
8.86 3
8.864 0
8.868 2
8.872 0
8.876 0
8.88 1
8.884 2
8.888 3
8.892 2
8.896 2
8.9 2
8.904 2
8.908 1
8.912 1
8.916 1
8.92 2
8.924 1
8.928 1
8.932 2
8.936 3
8.94 3
8.944 2
8.948 1
8.952 2
8.956 4
8.96 1
8.964 2
8.968 2
8.972 2
8.976 2
8.98 1
8.984 2
8.988 1
8.992 1
8.996 5
9 1
9.004 4
9.008 1
9.012 0
9.016 0
9.02 0
9.024 0
9.028 1
9.032 0
9.036 3
9.04 1
9.044 2
9.048 1
9.052 2
9.056 0
9.06 1
9.064 2
9.068 0
9.072 1
9.076 3
9.08 0
9.084 4
9.088 1
9.092 0
9.096 1
9.1 2
9.104 1
9.108 0
9.112 1
9.116 1
9.12 1
9.124 2
9.128 1
9.132 2
9.136 0
9.14 2
9.144 2
9.148 1
9.152 4
9.156 0
9.16 0
9.164 1
9.168 1
9.172 1
9.176 1
9.18 3
9.184 1
9.188 0
9.192 2
9.196 2
9.2 1
9.204 2
9.208 3
9.212 3
9.216 2
9.22 2
9.224 2
9.228 1
9.232 2
9.236 1
9.24 3
9.244 3
9.248 1
9.252 1
9.256 1
9.26 1
9.264 4
9.268 0
9.272 1
9.276 1
9.28 1
9.284 2
9.288 1
9.292 0
9.296 1
9.3 0
9.304 0
9.308 4
9.312 3
9.316 1
9.32 2
9.324 0
9.328 2
9.332 0
9.336 1
9.34 0
9.344 1
9.348 1
9.352 4
9.356 1
9.36 3
9.364 0
9.368 0
9.372 2
9.376 1
9.38 1
9.384 2
9.388 0
9.392 3
9.396 1
9.4 1
9.404 2
9.408 1
9.412 1
9.416 0
9.42 2
9.424 1
9.428 2
9.432 0
9.436 0
9.44 1
9.444 0
9.448 0
9.452 1
9.456 1
9.46 1
9.464 3
9.468 1
9.472 1
9.476 2
9.48 0
9.484 0
9.488 1
9.492 1
9.496 0
9.5 2
9.504 0
9.508 0
9.512 2
9.516 0
9.52 1
9.524 1
9.528 0
9.532 0
9.536 0
9.54 0
9.544 2
9.548 1
9.552 0
9.556 0
9.56 1
9.564 1
9.568 1
9.572 4
9.576 1
9.58 1
9.584 0
9.588 0
9.592 0
9.596 1
9.6 2
9.604 1
9.608 0
9.612 1
9.616 4
9.62 1
9.624 1
9.628 0
9.632 0
9.636 1
9.64 1
9.644 0
9.648 2
9.652 2
9.656 3
9.66 1
9.664 0
9.668 1
9.672 1
9.676 1
9.68 2
9.684 1
9.688 1
9.692 1
9.696 1
9.7 0
9.704 1
9.708 1
9.712 1
9.716 3
9.72 2
9.724 0
9.728 1
9.732 1
9.736 1
9.74 0
9.744 1
9.748 1
9.752 2
9.756 0
9.76 1
9.764 0
9.768 2
9.772 2
9.776 0
9.78 0
9.784 1
9.788 2
9.792 0
9.796 2
9.8 1
9.804 1
9.808 2
9.812 1
9.816 2
9.82 1
9.824 0
9.828 1
9.832 3
9.836 1
9.84 3
9.844 4
9.848 2
9.852 3
9.856 1
9.86 2
9.864 2
9.868 0
9.872 1
9.876 3
9.88 2
9.884 2
9.888 0
9.892 2
9.896 0
9.9 2
9.904 2
9.908 0
9.912 1
9.916 0
9.92 0
9.924 1
9.928 0
9.932 1
9.936 3
9.94 2
9.944 2
9.948 0
9.952 1
9.956 1
9.96 0
9.964 2
9.968 3
9.972 1
9.976 0
9.98 0
9.984 1
9.988 1
9.992 3
9.996 1
10 1
10.004 0
10.008 0
10.012 0
10.016 0
10.02 0
10.024 0
10.028 2
10.032 1
10.036 1
10.04 0
10.044 1
10.048 1
10.052 1
10.056 2
10.06 3
10.064 0
10.068 1
10.072 0
10.076 1
10.08 2
10.084 2
10.088 1
10.092 2
10.096 0
10.1 0
10.104 2
10.108 1
10.112 1
10.116 0
10.12 2
10.124 1
10.128 3
10.132 2
10.136 1
10.14 3
10.144 0
10.148 2
10.152 1
10.156 2
10.16 4
10.164 0
10.168 1
10.172 0
10.176 1
10.18 1
10.184 2
10.188 0
10.192 2
10.196 4
10.2 1
10.204 1
10.208 0
10.212 0
10.216 1
10.22 0
10.224 1
10.228 0
10.232 0
10.236 0
10.24 1
10.244 0
10.248 1
10.252 0
10.256 0
10.26 1
10.264 1
10.268 3
10.272 2
10.276 2
10.28 1
10.284 1
10.288 4
10.292 1
10.296 1
10.3 1
10.304 2
10.308 0
10.312 1
10.316 1
10.32 1
10.324 3
10.328 2
10.332 3
10.336 1
10.34 1
10.344 2
10.348 2
10.352 2
10.356 0
10.36 2
10.364 2
10.368 3
10.372 2
10.376 1
10.38 2
10.384 0
10.388 2
10.392 1
10.396 0
10.4 2
10.404 2
10.408 2
10.412 2
10.416 1
10.42 1
10.424 0
10.428 3
10.432 0
10.436 2
10.44 1
10.444 1
10.448 0
10.452 2
10.456 0
10.46 0
10.464 1
10.468 2
10.472 1
10.476 0
10.48 2
10.484 0
10.488 2
10.492 0
10.496 4
10.5 1
10.504 1
10.508 0
10.512 0
10.516 2
10.52 2
10.524 1
10.528 1
10.532 1
10.536 2
10.54 0
10.544 1
10.548 2
10.552 1
10.556 1
10.56 1
10.564 1
10.568 1
10.572 2
10.576 1
10.58 2
10.584 1
10.588 2
10.592 2
10.596 1
10.6 2
10.604 1
10.608 3
10.612 2
10.616 1
10.62 2
10.624 1
10.628 0
10.632 0
10.636 0
10.64 3
10.644 0
10.648 1
10.652 1
10.656 0
10.66 5
10.664 0
10.668 0
10.672 0
10.676 0
10.68 0
10.684 1
10.688 1
10.692 2
10.696 1
10.7 1
10.704 2
10.708 0
10.712 1
10.716 1
10.72 1
10.724 0
10.728 1
10.732 1
10.736 0
10.74 0
10.744 2
10.748 1
10.752 0
10.756 1
10.76 0
10.764 1
10.768 2
10.772 3
10.776 0
10.78 0
10.784 2
10.788 1
10.792 0
10.796 0
10.8 1
10.804 0
10.808 2
10.812 4
10.816 2
10.82 0
10.824 2
10.828 1
10.832 0
10.836 1
10.84 1
10.844 0
10.848 1
10.852 1
10.856 1
10.86 1
10.864 0
10.868 1
10.872 0
10.876 1
10.88 1
10.884 0
10.888 0
10.892 3
10.896 0
10.9 1
10.904 0
10.908 4
10.912 0
10.916 0
10.92 0
10.924 0
10.928 0
10.932 0
10.936 0
10.94 2
10.944 1
10.948 0
10.952 1
10.956 1
10.96 1
10.964 0
10.968 1
10.972 0
10.976 2
10.98 0
10.984 1
10.988 2
10.992 1
10.996 2
11 1
11.004 1
11.008 0
11.012 2
11.016 2
11.02 1
11.024 3
11.028 0
11.032 3
11.036 1
11.04 0
11.044 0
11.048 2
11.052 1
11.056 1
11.06 1
11.064 0
11.068 2
11.072 0
11.076 1
11.08 0
11.084 1
11.088 1
11.092 0
11.096 1
11.1 0
11.104 0
11.108 0
11.112 1
11.116 1
11.12 1
11.124 1
11.128 2
11.132 1
11.136 2
11.14 0
11.144 0
11.148 2
11.152 0
11.156 2
11.16 1
11.164 0
11.168 1
11.172 2
11.176 1
11.18 0
11.184 2
11.188 0
11.192 4
11.196 1
11.2 1
11.204 2
11.208 0
11.212 0
11.216 0
11.22 0
11.224 1
11.228 0
11.232 1
11.236 2
11.24 0
11.244 0
11.248 0
11.252 2
11.256 0
11.26 0
11.264 0
11.268 0
11.272 4
11.276 1
11.28 3
11.284 2
11.288 0
11.292 1
11.296 1
11.3 0
11.304 0
11.308 0
11.312 2
11.316 1
11.32 0
11.324 0
11.328 2
11.332 2
11.336 0
11.34 0
11.344 1
11.348 1
11.352 0
11.356 0
11.36 0
11.364 1
11.368 0
11.372 0
11.376 0
11.38 1
11.384 2
11.388 1
11.392 0
11.396 0
11.4 1
11.404 0
11.408 2
11.412 2
11.416 1
11.42 2
11.424 1
11.428 1
11.432 0
11.436 0
11.44 0
11.444 0
11.448 2
11.452 2
11.456 1
11.46 0
11.464 0
11.468 0
11.472 1
11.476 0
11.48 1
11.484 0
11.488 0
11.492 1
11.496 2
11.5 0
11.504 1
11.508 0
11.512 0
11.516 2
11.52 3
11.524 2
11.528 1
11.532 0
11.536 2
11.54 1
11.544 0
11.548 0
11.552 1
11.556 2
11.56 2
11.564 0
11.568 1
11.572 1
11.576 2
11.58 1
11.584 1
11.588 2
11.592 0
11.596 2
11.6 0
11.604 0
11.608 2
11.612 2
11.616 1
11.62 0
11.624 1
11.628 0
11.632 1
11.636 1
11.64 1
11.644 0
11.648 1
11.652 1
11.656 1
11.66 2
11.664 1
11.668 0
11.672 2
11.676 1
11.68 0
11.684 0
11.688 1
11.692 0
11.696 2
11.7 1
11.704 1
11.708 2
11.712 2
11.716 0
11.72 0
11.724 1
11.728 0
11.732 0
11.736 0
11.74 1
11.744 1
11.748 1
11.752 0
11.756 1
11.76 0
11.764 0
11.768 0
11.772 0
11.776 3
11.78 1
11.784 1
11.788 2
11.792 2
11.796 1
11.8 0
11.804 3
11.808 1
11.812 2
11.816 0
11.82 2
11.824 1
11.828 1
11.832 3
11.836 1
11.84 0
11.844 0
11.848 1
11.852 1
11.856 1
11.86 0
11.864 0
11.868 0
11.872 0
11.876 1
11.88 0
11.884 1
11.888 0
11.892 0
11.896 0
11.9 2
11.904 0
11.908 1
11.912 2
11.916 0
11.92 4
11.924 1
11.928 2
11.932 2
11.936 0
11.94 1
11.944 1
11.948 0
11.952 2
11.956 1
11.96 2
11.964 0
11.968 0
11.972 1
11.976 1
11.98 0
11.984 1
11.988 0
11.992 0
11.996 1
12 2
12.004 2
12.008 0
12.012 1
12.016 2
12.02 0
12.024 1
12.028 1
12.032 0
12.036 0
12.04 2
12.044 0
12.048 0
12.052 0
12.056 1
12.06 1
12.064 0
12.068 2
12.072 1
12.076 2
12.08 2
12.084 0
12.088 0
12.092 1
12.096 0
12.1 2
12.104 0
12.108 2
12.112 1
12.116 0
12.12 0
12.124 0
12.128 1
12.132 0
12.136 1
12.14 0
12.144 1
12.148 0
12.152 0
12.156 3
12.16 4
12.164 0
12.168 0
12.172 0
12.176 0
12.18 1
12.184 1
12.188 0
12.192 0
12.196 0
12.2 0
12.204 1
12.208 1
12.212 0
12.216 0
12.22 0
12.224 4
12.228 0
12.232 1
12.236 0
12.24 1
12.244 1
12.248 1
12.252 2
12.256 2
12.26 1
12.264 1
12.268 1
12.272 0
12.276 0
12.28 2
12.284 0
12.288 3
12.292 2
12.296 0
12.3 1
12.304 1
12.308 0
12.312 2
12.316 1
12.32 0
12.324 1
12.328 0
12.332 0
12.336 2
12.34 1
12.344 0
12.348 0
12.352 0
12.356 1
12.36 1
12.364 0
12.368 3
12.372 0
12.376 0
12.38 2
12.384 1
12.388 1
12.392 0
12.396 0
12.4 0
12.404 0
12.408 1
12.412 1
12.416 2
12.42 1
12.424 1
12.428 0
12.432 1
12.436 0
12.44 1
12.444 0
12.448 2
12.452 0
12.456 0
12.46 0
12.464 2
12.468 0
12.472 0
12.476 3
12.48 0
12.484 0
12.488 1
12.492 5
12.496 0
12.5 1
12.504 0
12.508 0
12.512 2
12.516 0
12.52 0
12.524 0
12.528 1
12.532 1
12.536 0
12.54 2
12.544 1
12.548 1
12.552 1
12.556 0
12.56 0
12.564 0
12.568 1
12.572 1
12.576 0
12.58 1
12.584 0
12.588 0
12.592 2
12.596 1
12.6 1
12.604 0
12.608 4
12.612 3
12.616 1
12.62 0
12.624 1
12.628 2
12.632 0
12.636 1
12.64 1
12.644 0
12.648 1
12.652 0
12.656 1
12.66 0
12.664 1
12.668 1
12.672 1
12.676 1
12.68 0
12.684 0
12.688 1
12.692 1
12.696 1
12.7 0
12.704 0
12.708 2
12.712 2
12.716 0
12.72 0
12.724 2
12.728 1
12.732 0
12.736 1
12.74 2
12.744 1
12.748 1
12.752 0
12.756 0
12.76 0
12.764 0
12.768 4
12.772 2
12.776 1
12.78 1
12.784 0
12.788 0
12.792 0
12.796 0
12.8 0
12.804 1
12.808 1
12.812 1
12.816 0
12.82 1
12.824 0
12.828 1
12.832 3
12.836 0
12.84 0
12.844 0
12.848 0
12.852 1
12.856 2
12.86 0
12.864 0
12.868 1
12.872 0
12.876 1
12.88 0
12.884 0
12.888 1
12.892 0
12.896 0
12.9 0
12.904 0
12.908 0
12.912 1
12.916 1
12.92 0
12.924 0
12.928 0
12.932 0
12.936 0
12.94 0
12.944 2
12.948 0
12.952 0
12.956 1
12.96 0
12.964 0
12.968 0
12.972 0
12.976 1
12.98 1
12.984 1
12.988 1
12.992 2
12.996 0
13 0
13.004 0
13.008 1
13.012 1
13.016 0
13.02 0
13.024 1
13.028 1
13.032 0
13.036 1
13.04 1
13.044 1
13.048 0
13.052 3
13.056 0
13.06 0
13.064 1
13.068 0
13.072 0
13.076 0
13.08 0
13.084 1
13.088 0
13.092 1
13.096 1
13.1 1
13.104 1
13.108 0
13.112 0
13.116 1
13.12 0
13.124 0
13.128 0
13.132 0
13.136 0
13.14 1
13.144 1
13.148 1
13.152 0
13.156 0
13.16 0
13.164 0
13.168 0
13.172 0
13.176 0
13.18 0
13.184 0
13.188 0
13.192 0
13.196 0
13.2 0
13.204 0
13.208 0
13.212 0
13.216 0
13.22 0
13.224 0
13.228 0
13.232 0
13.236 0
13.24 0
13.244 0
13.248 0
13.252 0
13.256 0
13.26 0
13.264 0
13.268 0
13.272 0
13.276 0
13.28 0
13.284 0
13.288 0
13.292 0
13.296 0
13.3 0
13.304 0
13.308 0
13.312 0
13.316 0
13.32 0
13.324 0
13.328 0
13.332 0
13.336 0
13.34 0
13.344 0
13.348 0
13.352 0
13.356 0
13.36 0
13.364 0
13.368 0
13.372 0
13.376 0
13.38 0
13.384 0
13.388 0
13.392 0
13.396 0
13.4 0
13.404 0
13.408 0
13.412 0
13.416 0
13.42 0
13.424 0
13.428 0
13.432 0
13.436 0
13.44 0
13.444 0
13.448 0
13.452 0
13.456 0
13.46 0
13.464 0
13.468 0
13.472 0
13.476 0
13.48 0
13.484 0
13.488 0
13.492 0
13.496 0
13.5 0
13.504 0
13.508 0
13.512 0
13.516 0
13.52 0
13.524 0
13.528 0
13.532 0
13.536 0
13.54 0
13.544 0
13.548 0
13.552 0
13.556 0
13.56 0
13.564 0
13.568 0
13.572 0
13.576 0
13.58 0
13.584 0
13.588 0
13.592 0
13.596 0
13.6 0
13.604 0
13.608 0
13.612 0
13.616 0
13.62 0
13.624 0
13.628 0
13.632 0
13.636 0
13.64 0
13.644 0
13.648 0
13.652 0
13.656 0
13.66 0
13.664 0
13.668 0
13.672 0
13.676 0
13.68 0
13.684 0
13.688 0
13.692 0
13.696 0
13.7 0
13.704 0
13.708 0
13.712 0
13.716 0
13.72 0
13.724 0
13.728 0
13.732 0
13.736 0
13.74 0
13.744 0
13.748 0
13.752 0
13.756 0
13.76 0
13.764 0
13.768 0
13.772 0
13.776 0
13.78 0
13.784 0
13.788 0
13.792 0
13.796 0
13.8 0
13.804 0
13.808 0
13.812 0
13.816 0
13.82 0
13.824 0
13.828 0
13.832 0
13.836 0
13.84 0
13.844 0
13.848 0
13.852 0
13.856 0
13.86 0
13.864 0
13.868 0
13.872 0
13.876 0
13.88 0
13.884 0
13.888 0
13.892 0
13.896 0
13.9 0
13.904 0
13.908 0
13.912 0
13.916 0
13.92 0
13.924 0
13.928 0
13.932 0
13.936 0
13.94 0
13.944 0
13.948 0
13.952 0
13.956 0
13.96 0
13.964 0
13.968 0
13.972 0
13.976 0
13.98 0
13.984 0
13.988 0
13.992 0
13.996 0
14 0
14.004 0
14.008 0
14.012 0
14.016 0
14.02 0
14.024 0
14.028 0
14.032 0
14.036 0
14.04 0
14.044 0
14.048 0
14.052 0
14.056 0
14.06 0
14.064 0
14.068 0
14.072 0
14.076 0
14.08 0
14.084 0
14.088 0
14.092 0
14.096 0
14.1 0
14.104 0
14.108 0
14.112 0
14.116 0
14.12 0
14.124 0
14.128 0
14.132 0
14.136 0
14.14 0
14.144 0
14.148 0
14.152 0
14.156 0
14.16 0
14.164 0
14.168 0
14.172 0
14.176 0
14.18 0
14.184 0
14.188 0
14.192 0
14.196 0
14.2 0
14.204 0
14.208 0
14.212 0
14.216 0
14.22 0
14.224 0
14.228 0
14.232 0
14.236 0
14.24 0
14.244 0
14.248 0
14.252 0
14.256 0
14.26 0
14.264 0
14.268 0
14.272 0
14.276 0
14.28 0
14.284 0
14.288 0
14.292 0
14.296 0
14.3 0
14.304 0
14.308 0
14.312 0
14.316 0
14.32 0
14.324 0
14.328 0
14.332 0
14.336 0
14.34 0
14.344 0
14.348 0
14.352 0
14.356 0
14.36 0
14.364 0
14.368 0
14.372 0
14.376 0
14.38 0
14.384 0
14.388 0
14.392 0
14.396 0
14.4 0
14.404 0
14.408 0
14.412 0
14.416 0
14.42 0
14.424 0
14.428 0
14.432 0
14.436 0
14.44 0
14.444 0
14.448 0
14.452 0
14.456 0
14.46 0
14.464 0
14.468 0
14.472 0
14.476 0
14.48 0
14.484 0
14.488 0
14.492 0
14.496 0
14.5 0
14.504 0
14.508 0
14.512 0
14.516 0
14.52 0
14.524 0
14.528 0
14.532 0
14.536 0
14.54 0
14.544 0
14.548 0
14.552 0
14.556 0
14.56 0
14.564 0
14.568 0
14.572 0
14.576 0
14.58 0
14.584 0
14.588 0
14.592 0
14.596 0
14.6 0
14.604 0
14.608 0
14.612 0
14.616 0
14.62 0
14.624 0
14.628 0
14.632 0
14.636 0
14.64 0
14.644 0
14.648 0
14.652 0
14.656 0
14.66 0
14.664 0
14.668 0
14.672 0
14.676 0
14.68 0
14.684 0
14.688 0
14.692 0
14.696 0
14.7 0
14.704 0
14.708 0
14.712 0
14.716 0
14.72 0
14.724 0
14.728 0
14.732 0
14.736 0
14.74 0
14.744 0
14.748 0
14.752 0
14.756 0
14.76 0
14.764 0
14.768 0
14.772 0
14.776 0
14.78 0
14.784 0
14.788 0
14.792 0
14.796 0
14.8 0
14.804 0
14.808 0
14.812 0
14.816 0
14.82 0
14.824 0
14.828 0
14.832 0
14.836 0
14.84 0
14.844 0
14.848 0
14.852 0
14.856 0
14.86 0
14.864 0
14.868 0
14.872 0
14.876 0
14.88 0
14.884 0
14.888 0
14.892 0
14.896 0
14.9 0
14.904 0
14.908 0
14.912 0
14.916 0
14.92 0
14.924 0
14.928 0
14.932 0
14.936 0
14.94 0
14.944 0
14.948 0
14.952 0
14.956 0
14.96 0
14.964 0
14.968 0
14.972 0
14.976 0
14.98 0
14.984 0
14.988 0
14.992 0
14.996 0
