0	16
0.004	23
0.008	19
0.012	23
0.016	15
0.02	21
0.024	17
0.028	22
0.032	30
0.036	19
0.04	25
0.044	16
0.048	17
0.052	28
0.056	25
0.06	13
0.064	25
0.068	19
0.072	18
0.076	26
0.08	21
0.084	18
0.088	21
0.092	20
0.096	20
0.1	20
0.104	15
0.108	15
0.112	21
0.116	24
0.12	18
0.124	30
0.128	24
0.132	26
0.136	19
0.14	15
0.144	29
0.148	23
0.152	19
0.156	15
0.16	17
0.164	23
0.168	29
0.172	21
0.176	15
0.18	15
0.184	20
0.188	30
0.192	20
0.196	20
0.2	23
0.204	24
0.208	20
0.212	30
0.216	22
0.22	22
0.224	20
0.228	24
0.232	20
0.236	15
0.24	22
0.244	11
0.248	27
0.252	26
0.256	24
0.26	27
0.264	24
0.268	12
0.272	20
0.276	12
0.28	16
0.284	27
0.288	14
0.292	17
0.296	20
0.3	25
0.304	11
0.308	21
0.312	19
0.316	25
0.32	13
0.324	15
0.328	22
0.332	29
0.336	26
0.34	19
0.344	25
0.348	23
0.352	20
0.356	15
0.36	17
0.364	19
0.368	18
0.372	19
0.376	18
0.38	15
0.384	17
0.388	12
0.392	17
0.396	13
0.4	23
0.404	17
0.408	18
0.412	21
0.416	20
0.42	19
0.424	32
0.428	16
0.432	19
0.436	19
0.44	22
0.444	19
0.448	22
0.452	19
0.456	19
0.46	13
0.464	20
0.468	26
0.472	28
0.476	23
0.48	17
0.484	17
0.488	21
0.492	21
0.496	22
0.5	21
0.504	22
0.508	20
0.512	23
0.516	21
0.52	22
0.524	22
0.528	18
0.532	14
0.536	26
0.54	19
0.544	13
0.548	29
0.552	17
0.556	22
0.56	20
0.564	24
0.568	26
0.572	13
0.576	17
0.58	13
0.584	14
0.588	18
0.592	33
0.596	28
0.6	20
0.604	13
0.608	20
0.612	19
0.616	20
0.62	21
0.624	17
0.628	13
0.632	11
0.636	20
0.64	26
0.644	21
0.648	19
0.652	18
0.656	21
0.66	16
0.664	16
0.668	15
0.672	17
0.676	19
0.68	12
0.684	24
0.688	25
0.692	20
0.696	11
0.7	16
0.704	19
0.708	27
0.712	17
0.716	26
0.72	19
0.724	14
0.728	30
0.732	17
0.736	25
0.74	18
0.744	23
0.748	30
0.752	13
0.756	18
0.76	11
0.764	22
0.768	18
0.772	14
0.776	13
0.78	17
0.784	21
0.788	28
0.792	24
0.796	14
0.8	17
0.804	22
0.808	21
0.812	29
0.816	27
0.82	20
0.824	23
0.828	16
0.832	19
0.836	18
0.84	17
0.844	23
0.848	14
0.852	23
0.856	21
0.86	21
0.864	27
0.868	22
0.872	21
0.876	15
0.88	18
0.884	16
0.888	16
0.892	11
0.896	24
0.9	18
0.904	22
0.908	22
0.912	19
0.916	23
0.92	21
0.924	16
0.928	21
0.932	30
0.936	19
0.94	28
0.944	15
0.948	21
0.952	19
0.956	20
0.96	16
0.964	22
0.968	31
0.972	18
0.976	22
0.98	16
0.984	20
0.988	26
0.992	18
0.996	30
1	19
1.004	21
1.008	19
1.012	22
1.016	25
1.02	18
1.024	19
1.028	14
1.032	17
1.036	24
1.04	17
1.044	23
1.048	29
1.052	24
1.056	19
1.06	23
1.064	20
1.068	18
1.072	16
1.076	17
1.08	11
1.084	21
1.088	31
1.092	23
1.096	13
1.1	27
1.104	19
1.108	16
1.112	15
1.116	16
1.12	16
1.124	23
1.128	20
1.132	23
1.136	23
1.14	17
1.144	15
1.148	8
1.152	24
1.156	15
1.16	25
1.164	22
1.168	22
1.172	19
1.176	31
1.18	13
1.184	20
1.188	14
1.192	13
1.196	22
1.2	15
1.204	24
1.208	20
1.212	14
1.216	20
1.22	23
1.224	21
1.228	15
1.232	11
1.236	22
1.24	16
1.244	14
1.248	13
1.252	21
1.256	14
1.26	18
1.264	20
1.268	22
1.272	16
1.276	15
1.28	22
1.284	15
1.288	18
1.292	26
1.296	29
1.3	17
1.304	11
1.308	23
1.312	27
1.316	22
1.32	19
1.324	21
1.328	26
1.332	19
1.336	12
1.34	16
1.344	26
1.348	19
1.352	30
1.356	13
1.36	21
1.364	26
1.368	16
1.372	19
1.376	20
1.38	23
1.384	15
1.388	33
1.392	16
1.396	14
1.4	23
1.404	25
1.408	18
1.412	22
1.416	27
1.42	18
1.424	25
1.428	15
1.432	16
1.436	17
1.44	14
1.444	13
1.448	23
1.452	14
1.456	24
1.46	18
1.464	19
1.468	24
1.472	27
1.476	22
1.48	19
1.484	19
1.488	16
1.492	22
1.496	16
1.5	23
1.504	19
1.508	21
1.512	19
1.516	17
1.52	19
1.524	25
1.528	19
1.532	23
1.536	24
1.54	22
1.544	18
1.548	23
1.552	21
1.556	23
1.56	22
1.564	17
1.568	18
1.572	18
1.576	24
1.58	20
1.584	16
1.588	17
1.592	16
1.596	24
1.6	14
1.604	19
1.608	22
1.612	23
1.616	16
1.62	22
1.624	28
1.628	19
1.632	22
1.636	11
1.64	21
1.644	28
1.648	18
1.652	28
1.656	14
1.66	28
1.664	18
1.668	21
1.672	24
1.676	21
1.68	25
1.684	27
1.688	18
1.692	20
1.696	36
1.7	24
1.704	27
1.708	25
1.712	27
1.716	24
1.72	27
1.724	37
1.728	36
1.732	45
1.736	25
1.74	36
1.744	38
1.748	41
1.752	53
1.756	55
1.76	64
1.764	75
1.768	84
1.772	85
1.776	99
1.78	111
1.784	114
1.788	136
1.792	149
1.796	162
1.8	173
1.804	202
1.808	223
1.812	249
1.816	291
1.82	345
1.824	336
1.828	385
1.832	419
1.836	484
1.84	537
1.844	563
1.848	618
1.852	693
1.856	759
1.86	891
1.864	902
1.868	1041
1.872	1037
1.876	1246
1.88	1308
1.884	1471
1.888	1590
1.892	1726
1.896	1838
1.9	1979
1.904	2197
1.908	2306
1.912	2540
1.916	2668
1.92	2900
1.924	3157
1.928	3250
1.932	3633
1.936	3893
1.94	4200
1.944	4304
1.948	4710
1.952	5011
1.956	5153
1.96	5740
1.964	5883
1.968	6423
1.972	6832
1.976	7160
1.98	7460
1.984	8057
1.988	8304
1.992	8531
1.996	9164
2	9562
2.004	10130
2.008	10479
2.012	10991
2.016	11453
2.02	11819
2.024	12156
2.028	12885
2.032	13276
2.036	13860
2.04	14203
2.044	14773
2.048	15298
2.052	15559
2.056	16306
2.06	16695
2.064	16995
2.068	17494
2.072	17638
2.076	18633
2.08	18957
2.084	19458
2.088	19730
2.092	20181
2.096	20613
2.1	20968
2.104	21283
2.108	22058
2.112	22194
2.116	22426
2.12	22457
2.124	22857
2.128	23424
2.132	23615
2.136	23857
2.14	23969
2.144	24119
2.148	24165
2.152	24533
2.156	24713
2.16	24767
2.164	25016
2.168	24899
2.172	24830
2.176	24901
2.18	25255
2.184	24809
2.188	25005
2.192	24769
2.196	25003
2.2	24656
2.204	24476
2.208	24443
2.212	24272
2.216	24221
2.22	23974
2.224	23488
2.228	23436
2.232	23402
2.236	22963
2.24	22861
2.244	22253
2.248	22039
2.252	21640
2.256	21672
2.26	21429
2.264	21336
2.268	20634
2.272	20181
2.276	19868
2.28	19683
2.284	19161
2.288	18838
2.292	18345
2.296	18026
2.3	18017
2.304	17252
2.308	16750
2.312	16533
2.316	16106
2.32	15602
2.324	15302
2.328	14853
2.332	14715
2.336	14140
2.34	13832
2.344	13382
2.348	13069
2.352	12561
2.356	12478
2.36	11939
2.364	11648
2.368	11373
2.372	11178
2.376	10612
2.38	10260
2.384	9969
2.388	9632
2.392	9266
2.396	8865
2.4	8597
2.404	8428
2.408	8191
2.412	7888
2.416	7584
2.42	7131
2.424	6902
2.428	6832
2.432	6448
2.436	6195
2.44	6067
2.444	5825
2.448	5762
2.452	5473
2.456	5191
2.46	5035
2.464	4843
2.468	4586
2.472	4428
2.476	4186
2.48	4177
2.484	3989
2.488	3813
2.492	3518
2.496	3596
2.5	3452
2.504	3366
2.508	3211
2.512	2935
2.516	2944
2.52	2801
2.524	2605
2.528	2606
2.532	2461
2.536	2388
2.54	2297
2.544	2238
2.548	2107
2.552	2062
2.556	1916
2.56	1811
2.564	1855
2.568	1807
2.572	1666
2.576	1658
2.58	1584
2.584	1503
2.588	1516
2.592	1444
2.596	1383
2.6	1285
2.604	1355
2.608	1244
2.612	1229
2.616	1199
2.62	1184
2.624	1155
2.628	1117
2.632	983
2.636	1059
2.64	958
2.644	918
2.648	959
2.652	892
2.656	839
2.66	869
2.664	818
2.668	823
2.672	841
2.676	778
2.68	755
2.684	721
2.688	692
2.692	718
2.696	699
2.7	632
2.704	625
2.708	616
2.712	626
2.716	556
2.72	631
2.724	548
2.728	601
2.732	556
2.736	548
2.74	507
2.744	558
2.748	490
2.752	481
2.756	469
2.76	471
2.764	503
2.768	469
2.772	475
2.776	475
2.78	411
2.784	408
2.788	412
2.792	397
2.796	397
2.8	380
2.804	363
2.808	425
2.812	347
2.816	336
2.82	368
2.824	360
2.828	365
2.832	341
2.836	351
2.84	353
2.844	312
2.848	308
2.852	326
2.856	332
2.86	331
2.864	256
2.868	291
2.872	291
2.876	308
2.88	298
2.884	262
2.888	249
2.892	261
2.896	236
2.9	263
2.904	277
2.908	207
2.912	246
2.916	248
2.92	241
2.924	214
2.928	237
2.932	262
2.936	212
2.94	216
2.944	223
2.948	234
2.952	202
2.956	234
2.96	201
2.964	203
2.968	196
2.972	196
2.976	187
2.98	192
2.984	207
2.988	177
2.992	171
2.996	166
3	165
3.004	159
3.008	172
3.012	156
3.016	172
3.02	156
3.024	166
3.028	149
3.032	162
3.036	152
3.04	157
3.044	164
3.048	164
3.052	171
3.056	135
3.06	149
3.064	129
3.068	156
3.072	138
3.076	128
3.08	138
3.084	130
3.088	147
3.092	97
3.096	131
3.1	144
3.104	131
3.108	123
3.112	119
3.116	133
3.12	132
3.124	105
3.128	99
3.132	117
3.136	122
3.14	117
3.144	108
3.148	98
3.152	119
3.156	119
3.16	127
3.164	98
3.168	113
3.172	116
3.176	100
3.18	95
3.184	85
3.188	87
3.192	95
3.196	86
3.2	99
3.204	99
3.208	87
3.212	74
3.216	82
3.22	78
3.224	87
3.228	70
3.232	79
3.236	84
3.24	84
3.244	89
3.248	79
3.252	76
3.256	101
3.26	92
3.264	91
3.268	102
3.272	65
3.276	74
3.28	71
3.284	77
3.288	73
3.292	63
3.296	68
3.3	70
3.304	77
3.308	72
3.312	77
3.316	76
3.32	73
3.324	76
3.328	66
3.332	54
3.336	73
3.34	66
3.344	69
3.348	76
3.352	71
3.356	74
3.36	61
3.364	51
3.368	63
3.372	63
3.376	65
3.38	69
3.384	60
3.388	56
3.392	49
3.396	62
3.4	63
3.404	69
3.408	48
3.412	55
3.416	71
3.42	56
3.424	42
3.428	51
3.432	56
3.436	50
3.44	50
3.444	61
3.448	54
3.452	40
3.456	44
3.46	46
3.464	48
3.468	61
3.472	52
3.476	60
3.48	54
3.484	48
3.488	58
3.492	51
3.496	44
3.5	50
3.504	40
3.508	43
3.512	41
3.516	46
3.52	39
3.524	39
3.528	51
3.532	44
3.536	46
3.54	47
3.544	40
3.548	50
3.552	38
3.556	40
3.56	45
3.564	42
3.568	43
3.572	36
3.576	45
3.58	42
3.584	28
3.588	38
3.592	39
3.596	43
3.6	45
3.604	38
3.608	41
3.612	35
3.616	42
3.62	39
3.624	47
3.628	41
3.632	28
3.636	29
3.64	58
3.644	34
3.648	43
3.652	35
3.656	39
3.66	34
3.664	45
3.668	43
3.672	41
3.676	33
3.68	42
3.684	33
3.688	31
3.692	38
3.696	37
3.7	31
3.704	34
3.708	39
3.712	34
3.716	51
3.72	29
3.724	40
3.728	43
3.732	34
3.736	30
3.74	27
3.744	42
3.748	42
3.752	46
3.756	39
3.76	33
3.764	30
3.768	31
3.772	40
3.776	23
3.78	29
3.784	31
3.788	42
3.792	27
3.796	28
3.8	27
3.804	45
3.808	28
3.812	37
3.816	35
3.82	34
3.824	27
3.828	27
3.832	38
3.836	34
3.84	30
3.844	23
3.848	32
3.852	35
3.856	34
3.86	30
3.864	36
3.868	36
3.872	37
3.876	40
3.88	32
3.884	31
3.888	32
3.892	36
3.896	36
3.9	23
3.904	30
3.908	38
3.912	41
3.916	32
3.92	25
3.924	30
3.928	29
3.932	44
3.936	34
3.94	39
3.944	33
3.948	35
3.952	25
3.956	34
3.96	32
3.964	30
3.968	38
3.972	32
3.976	24
3.98	32
3.984	31
3.988	34
3.992	38
3.996	37
4	21
4.004	27
4.008	31
4.012	24
4.016	28
4.02	45
4.024	36
4.028	15
4.032	36
4.036	27
4.04	32
4.044	20
4.048	27
4.052	36
4.056	26
4.06	30
4.064	28
4.068	36
4.072	21
4.076	31
4.08	16
4.084	32
4.088	44
4.092	28
4.096	30
4.1	31
4.104	30
4.108	31
4.112	37
4.116	32
4.12	31
4.124	28
4.128	27
4.132	22
4.136	24
4.14	26
4.144	42
4.148	40
4.152	27
4.156	36
4.16	31
4.164	28
4.168	28
4.172	36
4.176	33
4.18	23
4.184	31
4.188	24
4.192	24
4.196	30
4.2	28
4.204	34
4.208	22
4.212	25
4.216	27
4.22	27
4.224	27
4.228	33
4.232	22
4.236	32
4.24	32
4.244	26
4.248	30
4.252	26
4.256	30
4.26	31
4.264	25
4.268	24
4.272	23
4.276	35
4.28	22
4.284	25
4.288	30
4.292	24
4.296	33
4.3	33
4.304	28
4.308	25
4.312	34
4.316	29
4.32	33
4.324	21
4.328	25
4.332	27
4.336	30
4.34	21
4.344	23
4.348	24
4.352	39
4.356	22
4.36	24
4.364	29
4.368	27
4.372	23
4.376	23
4.38	23
4.384	18
4.388	28
4.392	22
4.396	31
4.4	24
4.404	20
4.408	22
4.412	30
4.416	30
4.42	24
4.424	23
4.428	24
4.432	29
4.436	21
4.44	26
4.444	30
4.448	29
4.452	22
4.456	18
4.46	22
4.464	20
4.468	30
4.472	21
4.476	32
4.48	25
4.484	26
4.488	26
4.492	25
4.496	22
4.5	29
4.504	22
4.508	30
4.512	22
4.516	27
4.52	24
4.524	31
4.528	32
4.532	31
4.536	33
4.54	27
4.544	24
4.548	25
4.552	27
4.556	17
4.56	20
4.564	29
4.568	24
4.572	28
4.576	19
4.58	30
4.584	24
4.588	21
4.592	31
4.596	19
4.6	21
4.604	31
4.608	17
4.612	22
4.616	22
4.62	29
4.624	23
4.628	20
4.632	22
4.636	26
4.64	31
4.644	26
4.648	29
4.652	22
4.656	25
4.66	29
4.664	23
4.668	22
4.672	28
4.676	29
4.68	22
4.684	19
4.688	28
4.692	23
4.696	26
4.7	27
4.704	25
4.708	20
4.712	22
4.716	24
4.72	30
4.724	28
4.728	20
4.732	24
4.736	27
4.74	28
4.744	16
4.748	18
4.752	23
4.756	26
4.76	28
4.764	28
4.768	22
4.772	27
4.776	21
4.78	20
4.784	20
4.788	17
4.792	21
4.796	32
4.8	27
4.804	29
4.808	25
4.812	20
4.816	17
4.82	23
4.824	24
4.828	29
4.832	29
4.836	23
4.84	20
4.844	26
4.848	26
4.852	18
4.856	23
4.86	17
4.864	26
4.868	23
4.872	28
4.876	23
4.88	26
4.884	22
4.888	26
4.892	20
4.896	20
4.9	22
4.904	24
4.908	22
4.912	17
4.916	31
4.92	17
4.924	25
4.928	25
4.932	22
4.936	25
4.94	24
4.944	21
4.948	21
4.952	12
4.956	23
4.96	25
4.964	24
4.968	18
4.972	31
4.976	20
4.98	24
4.984	22
4.988	20
4.992	22
4.996	31
5	20
5.004	21
5.008	29
5.012	28
5.016	21
5.02	9
5.024	20
5.028	29
5.032	20
5.036	26
5.04	26
5.044	18
5.048	24
5.052	16
5.056	21
5.06	25
5.064	24
5.068	13
5.072	28
5.076	18
5.08	22
5.084	22
5.088	24
5.092	21
5.096	23
5.1	22
5.104	31
5.108	23
5.112	21
5.116	18
5.12	36
5.124	27
5.128	22
5.132	26
5.136	22
5.14	20
5.144	18
5.148	26
5.152	26
5.156	30
5.16	19
5.164	24
5.168	20
5.172	22
5.176	25
5.18	26
5.184	22
5.188	17
5.192	20
5.196	28
5.2	16
5.204	19
5.208	32
5.212	15
5.216	25
5.22	25
5.224	29
5.228	27
5.232	21
5.236	21
5.24	18
5.244	19
5.248	21
5.252	30
5.256	29
5.26	21
5.264	23
5.268	26
5.272	25
5.276	26
5.28	20
5.284	13
5.288	32
5.292	18
5.296	19
5.3	22
5.304	25
5.308	26
5.312	26
5.316	31
5.32	22
5.324	24
5.328	20
5.332	22
5.336	15
5.34	20
5.344	34
5.348	20
5.352	13
5.356	20
5.36	15
5.364	21
5.368	20
5.372	24
5.376	27
5.38	22
5.384	15
5.388	24
5.392	20
5.396	23
5.4	20
5.404	20
5.408	26
5.412	31
5.416	26
5.42	24
5.424	26
5.428	21
5.432	44
5.436	24
5.44	20
5.444	19
5.448	23
5.452	24
5.456	27
5.46	23
5.464	24
5.468	15
5.472	18
5.476	26
5.48	22
5.484	25
5.488	16
5.492	15
5.496	19
5.5	29
5.504	23
5.508	13
5.512	27
5.516	18
5.52	25
5.524	19
5.528	18
5.532	21
5.536	24
5.54	19
5.544	29
5.548	16
5.552	22
5.556	17
5.56	22
5.564	33
5.568	14
5.572	20
5.576	21
5.58	21
5.584	20
5.588	23
5.592	22
5.596	23
5.6	25
5.604	20
5.608	24
5.612	25
5.616	15
5.62	28
5.624	21
5.628	17
5.632	19
5.636	28
5.64	21
5.644	20
5.648	22
5.652	27
5.656	28
5.66	27
5.664	24
5.668	20
5.672	28
5.676	11
5.68	22
5.684	29
5.688	18
5.692	25
5.696	16
5.7	18
5.704	23
5.708	16
5.712	25
5.716	14
5.72	19
5.724	23
5.728	24
5.732	21
5.736	25
5.74	18
5.744	20
5.748	15
5.752	20
5.756	30
5.76	28
5.764	14
5.768	17
5.772	24
5.776	26
5.78	27
5.784	18
5.788	27
5.792	23
5.796	12
5.8	18
5.804	29
5.808	34
5.812	24
5.816	25
5.82	26
5.824	21
5.828	18
5.832	23
5.836	20
5.84	27
5.844	15
5.848	23
5.852	29
5.856	14
5.86	29
5.864	24
5.868	29
5.872	22
5.876	24
5.88	26
5.884	27
5.888	30
5.892	18
5.896	24
5.9	23
5.904	20
5.908	17
5.912	19
5.916	19
5.92	22
5.924	14
5.928	29
5.932	22
5.936	14
5.94	19
5.944	14
5.948	24
5.952	26
5.956	17
5.96	25
5.964	24
5.968	19
5.972	27
5.976	19
5.98	29
5.984	20
5.988	20
5.992	26
5.996	19
6	27
6.004	19
6.008	18
6.012	23
6.016	20
6.02	31
6.024	18
6.028	24
6.032	27
6.036	21
6.04	15
6.044	20
6.048	17
6.052	23
6.056	18
6.06	22
6.064	13
6.068	16
6.072	25
6.076	25
6.08	16
6.084	13
6.088	21
6.092	21
6.096	26
6.1	20
6.104	14
6.108	28
6.112	27
6.116	25
6.12	20
6.124	26
6.128	26
6.132	21
6.136	21
6.14	26
6.144	13
6.148	22
6.152	27
6.156	26
6.16	14
6.164	27
6.168	15
6.172	13
6.176	22
6.18	21
6.184	15
6.188	21
6.192	20
6.196	24
6.2	33
6.204	27
6.208	24
6.212	17
6.216	22
6.22	19
6.224	23
6.228	18
6.232	25
6.236	22
6.24	14
6.244	19
6.248	25
6.252	23
6.256	20
6.26	20
6.264	30
6.268	17
6.272	27
6.276	18
6.28	20
6.284	24
6.288	23
6.292	20
6.296	23
6.3	18
6.304	18
6.308	28
6.312	31
6.316	22
6.32	22
6.324	24
6.328	24
6.332	20
6.336	21
6.34	19
6.344	21
6.348	24
6.352	21
6.356	23
6.36	18
6.364	29
6.368	13
6.372	29
6.376	25
6.38	30
6.384	26
6.388	23
6.392	25
6.396	24
6.4	22
6.404	19
6.408	23
6.412	13
6.416	27
6.42	18
6.424	29
6.428	16
6.432	19
6.436	25
6.44	19
6.444	25
6.448	14
6.452	17
6.456	16
6.46	26
6.464	26
6.468	35
6.472	25
6.476	18
6.48	24
6.484	21
6.488	24
6.492	16
6.496	26
6.5	20
6.504	19
6.508	20
6.512	27
6.516	19
6.52	25
6.524	25
6.528	22
6.532	18
6.536	19
6.54	19
6.544	17
6.548	22
6.552	14
6.556	18
6.56	18
6.564	19
6.568	21
6.572	17
6.576	20
6.58	24
6.584	22
6.588	21
6.592	17
6.596	20
6.6	16
6.604	21
6.608	20
6.612	24
6.616	17
6.62	24
6.624	17
6.628	18
6.632	22
6.636	15
6.64	19
6.644	21
6.648	22
6.652	17
6.656	21
6.66	15
6.664	24
6.668	16
6.672	26
6.676	13
6.68	20
6.684	18
6.688	19
6.692	29
6.696	21
6.7	13
6.704	16
6.708	26
6.712	18
6.716	17
6.72	26
6.724	28
6.728	15
6.732	15
6.736	12
6.74	10
6.744	18
6.748	25
6.752	8
6.756	22
6.76	23
6.764	25
6.768	22
6.772	29
6.776	18
6.78	32
6.784	18
6.788	13
6.792	20
6.796	21
6.8	27
6.804	18
6.808	26
6.812	32
6.816	21
6.82	24
6.824	20
6.828	21
6.832	24
6.836	22
6.84	13
6.844	24
6.848	16
6.852	35
6.856	21
6.86	16
6.864	21
6.868	22
6.872	14
6.876	28
6.88	30
6.884	22
6.888	23
6.892	20
6.896	16
6.9	22
6.904	21
6.908	18
6.912	19
6.916	20
6.92	19
6.924	20
6.928	10
6.932	17
6.936	21
6.94	16
6.944	14
6.948	17
6.952	17
6.956	23
6.96	21
6.964	24
6.968	16
6.972	14
6.976	21
6.98	21
6.984	16
6.988	18
6.992	27
6.996	17
7	27
7.004	17
7.008	24
7.012	20
7.016	26
7.02	17
7.024	16
7.028	11
7.032	20
7.036	15
7.04	27
7.044	19
7.048	34
7.052	21
7.056	16
7.06	20
7.064	23
7.068	23
7.072	17
7.076	16
7.08	13
7.084	18
7.088	18
7.092	16
7.096	27
7.1	16
7.104	15
7.108	14
7.112	17
7.116	20
7.12	22
7.124	18
7.128	22
7.132	22
7.136	17
7.14	22
7.144	23
7.148	20
7.152	23
7.156	28
7.16	18
7.164	24
7.168	15
7.172	27
7.176	15
7.18	17
7.184	18
7.188	27
7.192	24
7.196	24
7.2	22
7.204	18
7.208	31
7.212	26
7.216	13
7.22	21
7.224	21
7.228	10
7.232	18
7.236	17
7.24	21
7.244	20
7.248	26
7.252	23
7.256	20
7.26	18
7.264	20
7.268	16
7.272	21
7.276	15
7.28	19
7.284	24
7.288	17
7.292	23
7.296	19
7.3	14
7.304	27
7.308	18
7.312	20
7.316	20
7.32	23
7.324	21
7.328	21
7.332	27
7.336	25
7.34	29
7.344	18
7.348	20
7.352	16
7.356	16
7.36	18
7.364	18
7.368	13
7.372	17
7.376	28
7.38	21
7.384	18
7.388	19
7.392	23
7.396	12
7.4	37
7.404	16
7.408	30
7.412	22
7.416	19
7.42	23
7.424	22
7.428	24
7.432	18
7.436	24
7.44	15
7.444	11
7.448	22
7.452	18
7.456	15
7.46	23
7.464	22
7.468	18
7.472	18
7.476	18
7.48	17
7.484	21
7.488	15
7.492	23
7.496	12
7.5	12
7.504	29
7.508	19
7.512	16
7.516	24
7.52	16
7.524	24
7.528	15
7.532	24
7.536	28
7.54	22
7.544	19
7.548	17
7.552	16
7.556	16
7.56	16
7.564	23
7.568	19
7.572	24
7.576	23
7.58	17
7.584	22
7.588	21
7.592	19
7.596	24
7.6	17
7.604	21
7.608	16
7.612	23
7.616	18
7.62	20
7.624	22
7.628	19
7.632	18
7.636	16
7.64	14
7.644	19
7.648	25
7.652	20
7.656	23
7.66	21
7.664	17
7.668	25
7.672	22
7.676	15
7.68	21
7.684	17
7.688	23
7.692	19
7.696	20
7.7	23
7.704	26
7.708	20
7.712	28
7.716	18
7.72	13
7.724	16
7.728	23
7.732	21
7.736	20
7.74	14
7.744	15
7.748	26
7.752	17
7.756	16
7.76	24
7.764	25
7.768	20
7.772	14
7.776	23
7.78	23
7.784	23
7.788	22
7.792	19
7.796	16
7.8	18
7.804	24
7.808	24
7.812	23
7.816	23
7.82	12
7.824	29
7.828	26
7.832	14
7.836	32
7.84	18
7.844	22
7.848	19
7.852	25
7.856	14
7.86	13
7.864	20
7.868	27
7.872	18
7.876	26
7.88	16
7.884	27
7.888	33
7.892	17
7.896	17
7.9	24
7.904	31
7.908	27
7.912	18
7.916	21
7.92	20
7.924	25
7.928	22
7.932	26
7.936	20
7.94	30
7.944	25
7.948	26
7.952	35
7.956	14
7.96	26
7.964	24
7.968	21
7.972	20
7.976	27
7.98	18
7.984	20
7.988	30
7.992	23
7.996	18
8	26
8.004	15
8.008	23
8.012	29
8.016	23
8.02	33
8.024	20
8.028	20
8.032	28
8.036	26
8.04	25
8.044	18
8.048	17
8.052	25
8.056	21
8.06	19
8.064	29
8.068	16
8.072	22
8.076	23
8.08	23
8.084	22
8.088	19
8.092	22
8.096	26
8.1	16
8.104	17
8.108	29
8.112	25
8.116	17
8.12	31
8.124	13
8.128	19
8.132	23
8.136	26
8.14	22
8.144	17
8.148	25
8.152	28
8.156	23
8.16	22
8.164	16
8.168	23
8.172	32
8.176	26
8.18	22
8.184	16
8.188	13
8.192	29
8.196	16
8.2	30
8.204	24
8.208	14
8.212	17
8.216	31
8.22	28
8.224	15
8.228	16
8.232	16
8.236	22
8.24	23
8.244	17
8.248	18
8.252	23
8.256	21
8.26	25
8.264	21
8.268	19
8.272	22
8.276	24
8.28	17
8.284	18
8.288	26
8.292	24
8.296	23
8.3	28
8.304	20
8.308	14
8.312	24
8.316	20
8.32	19
8.324	20
8.328	26
8.332	22
8.336	20
8.34	14
8.344	29
8.348	25
8.352	26
8.356	21
8.36	20
8.364	27
8.368	21
8.372	25
8.376	23
8.38	18
8.384	24
8.388	26
8.392	19
8.396	18
8.4	27
8.404	16
8.408	21
8.412	19
8.416	23
8.42	29
8.424	14
8.428	27
8.432	23
8.436	25
8.44	22
8.444	25
8.448	30
8.452	16
8.456	29
8.46	32
8.464	16
8.468	23
8.472	20
8.476	24
8.48	23
8.484	20
8.488	16
8.492	26
8.496	19
8.5	18
8.504	16
8.508	24
8.512	16
8.516	18
8.52	22
8.524	15
8.528	27
8.532	19
8.536	26
8.54	18
8.544	28
8.548	18
8.552	14
8.556	26
8.56	14
8.564	33
8.568	19
8.572	22
8.576	28
8.58	18
8.584	18
8.588	24
8.592	10
8.596	25
8.6	26
8.604	17
8.608	17
8.612	23
8.616	24
8.62	28
8.624	26
8.628	18
8.632	13
8.636	20
8.64	24
8.644	21
8.648	18
8.652	24
8.656	34
8.66	21
8.664	20
8.668	21
8.672	21
8.676	30
8.68	20
8.684	31
8.688	30
8.692	29
8.696	21
8.7	22
8.704	30
8.708	26
8.712	25
8.716	18
8.72	20
8.724	23
8.728	30
8.732	19
8.736	26
8.74	20
8.744	29
8.748	21
8.752	17
8.756	13
8.76	20
8.764	32
8.768	25
8.772	24
8.776	25
8.78	27
8.784	22
8.788	29
8.792	28
8.796	17
8.8	22
8.804	19
8.808	26
8.812	21
8.816	23
8.82	19
8.824	29
8.828	21
8.832	23
8.836	24
8.84	37
8.844	25
8.848	16
8.852	21
8.856	21
8.86	26
8.864	25
8.868	24
8.872	19
8.876	14
8.88	28
8.884	23
8.888	25
8.892	22
8.896	25
8.9	19
8.904	22
8.908	24
8.912	28
8.916	16
8.92	32
8.924	13
8.928	27
8.932	15
8.936	15
8.94	21
8.944	18
8.948	21
8.952	30
8.956	22
8.96	19
8.964	23
8.968	26
8.972	25
8.976	25
8.98	19
8.984	21
8.988	32
8.992	16
8.996	16
9	21
9.004	23
9.008	19
9.012	22
9.016	25
9.02	21
9.024	32
9.028	26
9.032	22
9.036	23
9.04	12
9.044	13
9.048	33
9.052	22
9.056	21
9.06	27
9.064	30
9.068	22
9.072	22
9.076	25
9.08	30
9.084	14
9.088	28
9.092	21
9.096	24
9.1	29
9.104	30
9.108	23
9.112	20
9.116	24
9.12	19
9.124	19
9.128	26
9.132	20
9.136	23
9.14	29
9.144	28
9.148	21
9.152	23
9.156	21
9.16	25
9.164	21
9.168	25
9.172	30
9.176	25
9.18	19
9.184	17
9.188	24
9.192	23
9.196	26
9.2	21
9.204	20
9.208	22
9.212	23
9.216	23
9.22	20
9.224	19
9.228	17
9.232	19
9.236	26
9.24	15
9.244	31
9.248	23
9.252	20
9.256	23
9.26	18
9.264	24
9.268	23
9.272	19
9.276	24
9.28	28
9.284	22
9.288	24
9.292	24
9.296	24
9.3	18
9.304	19
9.308	19
9.312	26
9.316	21
9.32	27
9.324	23
9.328	29
9.332	31
9.336	23
9.34	30
9.344	21
9.348	18
9.352	18
9.356	23
9.36	21
9.364	21
9.368	33
9.372	22
9.376	21
9.38	21
9.384	22
9.388	22
9.392	24
9.396	25
9.4	21
9.404	22
9.408	22
9.412	21
9.416	17
9.42	34
9.424	24
9.428	28
9.432	20
9.436	23
9.44	29
9.444	18
9.448	17
9.452	22
9.456	27
9.46	19
9.464	12
9.468	28
9.472	17
9.476	27
9.48	19
9.484	26
9.488	21
9.492	31
9.496	23
9.5	22
9.504	19
9.508	20
9.512	18
9.516	21
9.52	20
9.524	23
9.528	19
9.532	18
9.536	18
9.54	18
9.544	17
9.548	20
9.552	24
9.556	23
9.56	22
9.564	22
9.568	26
9.572	24
9.576	23
9.58	21
9.584	16
9.588	34
9.592	16
9.596	35
9.6	29
9.604	24
9.608	25
9.612	25
9.616	16
9.62	35
9.624	15
9.628	20
9.632	8
9.636	19
9.64	19
9.644	17
9.648	24
9.652	23
9.656	23
9.66	30
9.664	24
9.668	16
9.672	20
9.676	20
9.68	22
9.684	21
9.688	27
9.692	20
9.696	22
9.7	18
9.704	18
9.708	22
9.712	20
9.716	21
9.72	20
9.724	23
9.728	24
9.732	28
9.736	19
9.74	24
9.744	22
9.748	25
9.752	29
9.756	20
9.76	22
9.764	25
9.768	24
9.772	21
9.776	16
9.78	13
9.784	17
9.788	21
9.792	13
9.796	25
9.8	23
9.804	15
9.808	16
9.812	17
9.816	14
9.82	27
9.824	18
9.828	28
9.832	13
9.836	24
9.84	19
9.844	14
9.848	20
9.852	16
9.856	27
9.86	13
9.864	25
9.868	15
9.872	13
9.876	22
9.88	22
9.884	21
9.888	28
9.892	16
9.896	19
9.9	22
9.904	20
9.908	15
9.912	13
9.916	22
9.92	19
9.924	28
9.928	17
9.932	20
9.936	20
9.94	24
9.944	21
9.948	15
9.952	25
9.956	21
9.96	14
9.964	15
9.968	14
9.972	14
9.976	24
9.98	24
9.984	25
9.988	15
9.992	28
9.996	22
10	20
10.004	21
10.008	18
10.012	26
10.016	20
10.02	14
10.024	12
10.028	14
10.032	17
10.036	28
10.04	21
10.044	20
10.048	15
10.052	24
10.056	19
10.06	18
10.064	22
10.068	18
10.072	20
10.076	27
10.08	21
10.084	25
10.088	22
10.092	26
10.096	29
10.1	22
10.104	23
10.108	16
10.112	19
10.116	30
10.12	12
10.124	15
10.128	16
10.132	27
10.136	21
10.14	24
10.144	18
10.148	24
10.152	26
10.156	17
10.16	26
10.164	24
10.168	21
10.172	12
10.176	21
10.18	15
10.184	27
10.188	18
10.192	17
10.196	23
10.2	23
10.204	16
10.208	17
10.212	13
10.216	17
10.22	26
10.224	25
10.228	18
10.232	21
10.236	22
10.24	14
10.244	25
10.248	22
10.252	18
10.256	20
10.26	25
10.264	20
10.268	13
10.272	25
10.276	33
10.28	23
10.284	15
10.288	18
10.292	24
10.296	15
10.3	26
10.304	22
10.308	16
10.312	23
10.316	17
10.32	22
10.324	18
10.328	32
10.332	26
10.336	11
10.34	18
10.344	16
10.348	23
10.352	25
10.356	25
10.36	27
10.364	24
10.368	16
10.372	19
10.376	24
10.38	22
10.384	24
10.388	16
10.392	20
10.396	19
10.4	17
10.404	20
10.408	23
10.412	25
10.416	20
10.42	17
10.424	21
10.428	20
10.432	26
10.436	16
10.44	23
10.444	26
10.448	18
10.452	18
10.456	23
10.46	27
10.464	18
10.468	20
10.472	20
10.476	19
10.48	13
10.484	27
10.488	17
10.492	27
10.496	16
10.5	15
10.504	21
10.508	21
10.512	25
10.516	18
10.52	20
10.524	20
10.528	27
10.532	19
10.536	15
10.54	17
10.544	23
10.548	17
10.552	17
10.556	31
10.56	17
10.564	18
10.568	30
10.572	29
10.576	15
10.58	15
10.584	24
10.588	21
10.592	11
10.596	20
10.6	20
10.604	22
10.608	18
10.612	18
10.616	16
10.62	26
10.624	8
10.628	19
10.632	24
10.636	22
10.64	16
10.644	17
10.648	14
10.652	15
10.656	21
10.66	16
10.664	22
10.668	20
10.672	21
10.676	21
10.68	21
10.684	12
10.688	20
10.692	20
10.696	12
10.7	18
10.704	14
10.708	16
10.712	17
10.716	11
10.72	28
10.724	16
10.728	14
10.732	17
10.736	27
10.74	27
10.744	29
10.748	20
10.752	16
10.756	17
10.76	13
10.764	26
10.768	23
10.772	21
10.776	19
10.78	22
10.784	21
10.788	21
10.792	19
10.796	12
10.8	21
10.804	12
10.808	20
10.812	14
10.816	21
10.82	30
10.824	22
10.828	15
10.832	14
10.836	23
10.84	24
10.844	15
10.848	19
10.852	20
10.856	25
10.86	16
10.864	21
10.868	23
10.872	14
10.876	24
10.88	14
10.884	16
10.888	14
10.892	17
10.896	18
10.9	15
10.904	21
10.908	20
10.912	22
10.916	30
10.92	14
10.924	26
10.928	16
10.932	16
10.936	20
10.94	20
10.944	16
10.948	24
10.952	19
10.956	13
10.96	19
10.964	23
10.968	24
10.972	17
10.976	17
10.98	15
10.984	22
10.988	18
10.992	25
10.996	18
11	10
11.004	19
11.008	19
11.012	21
11.016	21
11.02	25
11.024	15
11.028	18
11.032	21
11.036	22
11.04	20
11.044	19
11.048	17
11.052	23
11.056	16
11.06	22
11.064	27
11.068	21
11.072	19
11.076	23
11.08	23
11.084	16
11.088	16
11.092	20
11.096	19
11.1	27
11.104	22
11.108	26
11.112	6
11.116	23
11.12	26
11.124	22
11.128	29
11.132	20
11.136	20
11.14	17
11.144	32
11.148	20
11.152	20
11.156	21
11.16	17
11.164	18
11.168	24
11.172	27
11.176	22
11.18	18
11.184	24
11.188	30
11.192	25
11.196	20
11.2	23
11.204	14
11.208	20
11.212	27
11.216	24
11.22	27
11.224	22
11.228	17
11.232	19
11.236	16
11.24	27
11.244	21
11.248	26
11.252	23
11.256	14
11.26	23
11.264	23
11.268	13
11.272	16
11.276	11
11.28	22
11.284	11
11.288	17
11.292	15
11.296	14
11.3	21
11.304	21
11.308	21
11.312	17
11.316	19
11.32	23
11.324	25
11.328	18
11.332	21
11.336	21
11.34	17
11.344	25
11.348	16
11.352	21
11.356	22
11.36	24
11.364	22
11.368	20
11.372	20
11.376	20
11.38	21
11.384	21
11.388	17
11.392	22
11.396	22
11.4	21
11.404	25
11.408	23
11.412	20
11.416	22
11.42	15
11.424	17
11.428	17
11.432	22
11.436	24
11.44	16
11.444	22
11.448	22
11.452	17
11.456	13
11.46	23
11.464	21
11.468	27
11.472	11
11.476	20
11.48	26
11.484	14
11.488	30
11.492	14
11.496	22
11.5	13
11.504	22
11.508	25
11.512	25
11.516	19
11.52	14
11.524	19
11.528	27
11.532	17
11.536	22
11.54	26
11.544	25
11.548	27
11.552	29
11.556	24
11.56	17
11.564	16
11.568	23
11.572	18
11.576	16
11.58	23
11.584	18
11.588	18
11.592	23
11.596	23
11.6	23
11.604	26
11.608	24
11.612	25
11.616	24
11.62	20
11.624	25
11.628	27
11.632	23
11.636	24
11.64	22
11.644	25
11.648	24
11.652	19
11.656	21
11.66	22
11.664	28
11.668	22
11.672	9
11.676	22
11.68	15
11.684	27
11.688	15
11.692	28
11.696	20
11.7	25
11.704	22
11.708	19
11.712	18
11.716	13
11.72	19
11.724	13
11.728	18
11.732	15
11.736	19
11.74	19
11.744	19
11.748	19
11.752	14
11.756	18
11.76	12
11.764	13
11.768	13
11.772	16
11.776	21
11.78	15
11.784	19
11.788	28
11.792	17
11.796	19
11.8	21
11.804	23
11.808	19
11.812	26
11.816	20
11.82	21
11.824	15
11.828	18
11.832	19
11.836	24
11.84	28
11.844	17
11.848	20
11.852	22
11.856	21
11.86	14
11.864	23
11.868	28
11.872	11
11.876	20
11.88	18
11.884	19
11.888	17
11.892	23
11.896	25
11.9	25
11.904	27
11.908	21
11.912	16
11.916	27
11.92	17
11.924	27
11.928	24
11.932	27
11.936	15
11.94	21
11.944	21
11.948	13
11.952	23
11.956	19
11.96	21
11.964	24
11.968	20
11.972	16
11.976	26
11.98	28
11.984	20
11.988	13
11.992	13
11.996	23
12	24
12.004	24
12.008	24
12.012	24
12.016	22
12.02	20
12.024	15
12.028	21
12.032	21
12.036	17
12.04	20
12.044	17
12.048	18
12.052	18
12.056	25
12.06	11
12.064	18
12.068	21
12.072	19
12.076	25
12.08	27
12.084	20
12.088	23
12.092	27
12.096	20
12.1	25
12.104	15
12.108	25
12.112	22
12.116	20
12.12	17
12.124	27
12.128	15
12.132	22
12.136	22
12.14	20
12.144	22
12.148	22
12.152	13
12.156	24
12.16	24
12.164	16
12.168	18
12.172	22
12.176	19
12.18	28
12.184	16
12.188	19
12.192	19
12.196	16
12.2	23
12.204	18
12.208	25
12.212	18
12.216	18
12.22	21
12.224	30
12.228	22
12.232	23
12.236	14
12.24	16
12.244	27
12.248	22
12.252	24
12.256	26
12.26	22
12.264	27
12.268	12
12.272	24
12.276	19
12.28	11
12.284	18
12.288	21
12.292	25
12.296	22
12.3	19
12.304	28
12.308	22
12.312	25
12.316	14
12.32	10
12.324	13
12.328	20
12.332	18
12.336	20
12.34	13
12.344	28
12.348	14
12.352	25
12.356	15
12.36	20
12.364	18
12.368	15
12.372	24
12.376	17
12.38	23
12.384	24
12.388	23
12.392	22
12.396	25
12.4	19
12.404	21
12.408	12
12.412	18
12.416	30
12.42	14
12.424	11
12.428	18
12.432	19
12.436	17
12.44	22
12.444	16
12.448	20
12.452	22
12.456	20
12.46	9
12.464	20
12.468	18
12.472	16
12.476	24
12.48	16
12.484	23
12.488	26
12.492	25
12.496	19
12.5	14
12.504	19
12.508	19
12.512	23
12.516	23
12.52	11
12.524	22
12.528	16
12.532	16
12.536	18
12.54	24
12.544	21
12.548	14
12.552	20
12.556	11
12.56	25
12.564	16
12.568	24
12.572	25
12.576	26
12.58	24
12.584	21
12.588	20
12.592	15
12.596	16
12.6	13
12.604	21
12.608	18
12.612	14
12.616	20
12.62	17
12.624	15
12.628	12
12.632	23
12.636	21
12.64	15
12.644	24
12.648	16
12.652	16
12.656	18
12.66	23
12.664	23
12.668	21
12.672	22
12.676	29
12.68	23
12.684	13
12.688	20
12.692	25
12.696	22
12.7	24
12.704	16
12.708	21
12.712	10
12.716	18
12.72	25
12.724	20
12.728	17
12.732	23
12.736	17
12.74	26
12.744	17
12.748	19
12.752	24
12.756	21
12.76	20
12.764	15
12.768	22
12.772	29
12.776	23
12.78	17
12.784	18
12.788	17
12.792	17
12.796	21
12.8	13
12.804	28
12.808	20
12.812	18
12.816	19
12.82	15
12.824	11
12.828	28
12.832	23
12.836	24
12.84	20
12.844	18
12.848	13
12.852	21
12.856	22
12.86	22
12.864	19
12.868	18
12.872	20
12.876	17
12.88	30
12.884	30
12.888	30
12.892	13
12.896	23
12.9	24
12.904	22
12.908	23
12.912	15
12.916	25
12.92	24
12.924	11
12.928	17
12.932	13
12.936	20
12.94	22
12.944	19
12.948	19
12.952	25
12.956	21
12.96	22
12.964	14
12.968	32
12.972	20
12.976	19
12.98	28
12.984	25
12.988	25
12.992	16
12.996	19
13	21
13.004	31
13.008	14
13.012	7
13.016	14
13.02	16
13.024	22
13.028	13
13.032	18
13.036	22
13.04	22
13.044	21
13.048	24
13.052	25
13.056	11
13.06	19
13.064	30
13.068	20
13.072	25
13.076	22
13.08	21
13.084	16
13.088	27
13.092	23
13.096	20
13.1	25
13.104	19
13.108	21
13.112	19
13.116	22
13.12	16
13.124	14
13.128	23
13.132	26
13.136	19
13.14	22
13.144	17
13.148	16
13.152	22
13.156	17
13.16	27
13.164	13
13.168	21
13.172	1
13.176	4
13.18	1
13.184	0
13.188	0
13.192	1
13.196	0
13.2	0
