1  0.10536051565783
2  1.24247576252912
3  1.85813070442239
4  2.21600515362298
5  2.46388451468300
6  2.65077963832427
7  2.79913862953897
8  2.92109782936672
9  3.02395602417116
10  3.11241217032180
11  3.18966742445973
12  3.25799208216495
13  3.31905029308823
14  3.37409531827715
15  3.42409260693055
16  3.46980026131521
17  3.51182352668497
18  3.55065253734815
19  3.58668935733096
20  3.62026740921723
21  3.65166603142940
22  3.68112138652909
23  3.70883461774770
24  3.73497846944957
25  3.75970220319757
26  3.78313559116149
27  3.80539212197983
28  3.82657154367040
29  3.84676197739003
30  3.86604150273142
31  3.88447983447583
32  3.90213919404924
33  3.91907551052849
34  3.93533898996328
35  3.95097526173360
36  3.96602545461354
37  3.98052702107278
38  3.99451408660242
39  4.00801779699738
40  4.02106674532639
41  4.03368707098707
42  4.04590287209761
43  4.05773644089853
44  4.06920809787573
45  4.08033694576341
46  4.09114052033580
47  4.10163514054455
48  4.11183597874508
49  4.12175716105407
50  4.13141186150709
51  4.14081239832798
52  4.14997027647669
53  4.15889638019700
54  4.16760061729036
55  4.17609261138566
56  4.18438125457586
57  4.19247494702408
58  4.20038159449993
59  4.20810865637759
60  4.21566317125544
61  4.22305179104664
62  4.23028080881944
63  4.23735619719886
64  4.24428359582228
65  4.25106813171588
66  4.25771506268447
67  4.26422928941216
68  4.27061536364779
69  4.27687764871031
70  4.28302029888429
71  4.28904727183937
72  4.29496234714243
73  4.30076911094384
74  4.30647100655020
75  4.31207133000387
76  4.31757321708467
77  4.32297959649510
78  4.32829339226980
79  4.33351738126300
80  4.33865422808512
81  4.34370642324718
82  4.34867627158028
83  4.35357129338420
84  4.35838360730382
85  4.36312037158325
86  4.36778365001329
87  4.37237542356190
88  4.37689759713996
89  4.38135200385059
90  4.38574040910159
91  4.39006451329215
92  4.39432595463684
93  4.39852631225882
94  4.40266710884391
95  4.40674987641942
96  4.41077587205825
97  4.41474655620548
98  4.41866331646061
99  4.42252736131290
100  4.42633994235478
101  4.43010225451616
102  4.43381545604055
103  4.43748045084748
104  4.44109874793843
105  4.44467110804064
106  4.44819859648183
107  4.45168220015595
108  4.45512287278172
109  4.45852153193552
110  4.46187907410245
111  4.46519636479113
112  4.46847424573377
113  4.47171353361955
114  4.47491501938165
115  4.47807947182640
116  4.48120763827389
117  4.48430042633476
118  4.48735823965896
119  4.49038181957993
120  4.49337189399328
121  4.49632910987700
122  4.49925412531948
123  4.50214753845597
124  4.50500993755926
125  4.50784190209528
126  4.51064398476297
127  4.51341675088993
128  4.51616073959861
129  4.51887646716311
130  4.52156443754782
131  4.52422514875355
132  4.52685908342979
133  4.52946671219671
134  4.53204849413364
135  4.53460487658257
136  4.53713629613787
137  4.53964317863867
138  4.54212593965702
139  4.54458498463718
140  4.54702070961079
141  4.54943350069162
142  4.55182373513718
143  4.55419179324878
144  4.55653802763505
145  4.55886278550667
146  4.56116641040845
147  4.56344923820040
148  4.56571159692051
149  4.56795380778606
150  4.57017618616505
151  4.57237903225846
152  4.57456265287432
153  4.57672733949434
154  4.57887313436648
155  4.58100096900314
156  4.58311063406833
157  4.58520239421698
158  4.58727658441694
159  4.58933348084307
160  4.59137333111184
161  4.59339637357020
162  4.59540285788751
163  4.59739304074769
164  4.59936714487724
165  4.60132538805544
166  4.60326799319449
167  4.60519518283927
168  4.60710716496171
169  4.60900415085922
170  4.61088634763011
171  4.61275395725986
172  4.61460718668789
173  4.61644622333423
174  4.61827125528028
175  4.62008246910584
176  4.62188004778721
177  4.62366417172627
178  4.62543501731845
179  4.62719275735991
180  4.62893756181701
181  4.63066959653365
182  4.63238902669425
183  4.63409601231954
184  4.63579071140078
185  4.63747327872898
186  4.63914386644500
187  4.64080262401584
188  4.64244969828137
189  4.64408523267172
190  4.64570936824529
191  4.64732183591949
192  4.64892359135597
193  4.65051435951586
194  4.65209427665726
195  4.65366346613922
196  4.65522205449653
197  4.65677017216430
198  4.65830794196538
199  4.65983548349707
200  4.66135291669416
201  4.66286035910445
202  4.66435792491568
203  4.66584572893215
204  4.66732388221523
205  4.66879249439881
206  4.67025167372967
207  4.67170152636170
208  4.67314215629380
209  4.67457366757667
210  4.67599602188561
211  4.67740989629875
212  4.67881454850897
213  4.68021052789172
214  4.68159792957934
215  4.68297684683227
216  4.68434737186528
217  4.68570912624396
218  4.68706308212788
219  4.68840872554077
220  4.68974627115619
221  4.69107581397962
222  4.69239745784469
223  4.69371124667589
224  4.69501728149315
225  4.69631564274838
226  4.69760640963483
227  4.69888966053007
228  4.70016547141958
229  4.70143391944524
230  4.70269507857806
231  4.70394902269012
232  4.70519582430732
233  4.70643555512908
234  4.70766828553004
235  4.70889408495905
236  4.71011302226468
237  4.71132516555471
238  4.71253019188043
239  4.71372881303150
240  4.71492096700969
241  4.71610658747615
242  4.71728573700385
243  4.71845847881452
244  4.71962487269312
245  4.72078493437984
246  4.72193875957799
247  4.72308641289542
248  4.72422795242328
249  4.72536343538825
250  4.72649291819031
251  4.72761645651703
252  4.72873410530387
253  4.72984591875866
254  4.73095195047504
255  4.73205225316761
256  4.73314687902558
257  4.73423587927920
258  4.73531930487492
259  4.73639720573998
260  4.73746963158537
261  4.73853663096314
262  4.73959825251393
263  4.74065454365722
264  4.74170555147872
265  4.74275132219778
266  4.74379190182332
267  4.74482733547531
268  4.74585766796955
269  4.74688294357908
270  4.74790320560429
271  4.74891849701180
272  4.74992886076139
273  4.75093433880179
274  4.75193497329815
275  4.75293080376504
276  4.75392187137313
277  4.75490814744830
278  4.75588966698796
279  4.75686702074529
280  4.75783948706528
281  4.75880725508255
282  4.75977051451841
283  4.76072930255267
284  4.76168383916429
285  4.76263361033323
286  4.76357920100739
287  4.76452046325162
288  4.76545743202488
289  4.76639014238543
290  4.76731815275314
291  4.76824228778934
292  4.76916242428290
293  4.77007832010199
294  4.77099006464011
295  4.77189773162959
296  4.77280135329414
297  4.77370096106203
298  4.77459658641497
299  4.77548826070684
300  4.77637601444518
301  4.77725987791189
302  4.77813990600269
303  4.77901607866554
304  4.77988845003777
305  4.78075704920664
306  4.78162190477649
307  4.78248304503764
308  4.78334049844986
309  4.78419429258012
310  4.78504445494294
311  4.78589101273448
312  4.78673399288772
313  4.78757342189641
314  4.78840932634293
315  4.78924173211748
316  4.79007066515696
317  4.79089615066199
318  4.79171821406407
319  4.79253688034745
320  4.79335217423602
321  4.79416412021484
322  4.79497274262107
323  4.79577806510653
324  4.79658011162666
325  4.79737890556623
326  4.79817447021019
327  4.79896682912201
328  4.79975528380404
329  4.80054129612555
330  4.80132416955153
331  4.80210392649295
332  4.80288058863005
333  4.80365417752161
334  4.80442471517912
335  4.80519222239423
336  4.80595672026789
337  4.80671822944568
338  4.80747676894481
339  4.80823236083644
340  4.80898499121151
341  4.80973470836330
342  4.81048153486963
343  4.81122549260982
344  4.81196660053029
345  4.81270487728504
346  4.81344034206328
347  4.81417301359900
348  4.81490291048080
349  4.81563005128096
350  4.81635444779957
351  4.81707612890948
352  4.81779511044168
353  4.81851140800071
354  4.81922503925366
355  4.81993602160484
356  4.82064437236704
357  4.82135010867439
358  4.82205324752471
359  4.82275380570503
360  4.82345179980789
361  4.82414724633430
362  4.82484016184821
363  4.82553056225266
364  4.82621846367790
365  4.82690388318971
366  4.82758683474565
367  4.82826733419873
368  4.82894539970674
369  4.82962104286128
370  4.83029427975531
371  4.83096512600136
372  4.83163359672396
373  4.83230016249902
374  4.83296348032056
375  4.83362492574235
376  4.83428405419929
377  4.83494088003873
378  4.83559541723594
379  4.83624768016841
380  4.83689768268902
381  4.83754543834248
382  4.83819096107583
383  4.83883426423950
384  4.83947536140270
385  4.84011426574759
386  4.84075099057049
387  4.84138554885413
388  4.84201795363154
389  4.84264821776519
390  4.84327635400824
391  4.84390237487496
392  4.84452629323068
393  4.84514812124339
394  4.84576787133023
395  4.84638555566476
396  4.84700118658600
397  4.84761477569769
398  4.84822633519818
399  4.84883587681391
400  4.84944341228071
401  4.85004895321001
402  4.85065251115078
403  4.85125409750160
404  4.85185372364777
405  4.85245140085515
406  4.85304714002388
407  4.85364095274423
408  4.85423284963565
409  4.85482284161079
410  4.85541093940392
411  4.85599715384673
412  4.85658149544822
413  4.85716397479838
414  4.85774460229235
415  4.85832338838735
416  4.85890034325448
417  4.85947547742907
418  4.86004880079031
419  4.86062032334083
420  4.86119005496353
421  4.86175800560011
422  4.86232418485721
423  4.86288860286205
424  4.86345126913123
425  4.86401219316183
426  4.86457138454980
427  4.86512885629637
428  4.86568461163520
429  4.86623866100911
430  4.86679101482443
431  4.86734168239884
432  4.86789067263438
433  4.86843799466004
434  4.86898365734063
435  4.86952766954253
436  4.87007003974454
437  4.87061077725042
438  4.87114989049805
439  4.87168738796194
440  4.87222326812397
441  4.87275755970394
442  4.87329026091717
443  4.87382138009342
444  4.87435092555931
445  4.87487890548281
446  4.87540532806117
447  4.87593020135989
448  4.87645353337512
449  4.87697533211433
450  4.87749560511011
451  4.87801436321154
452  4.87853160845346
453  4.87904735174567
454  4.87956160324246
455  4.88007436275839
456  4.88058564891376
457  4.88109546165857
458  4.88160381012848
459  4.88211070183771
460  4.88261614414044
461  4.88312014433881
462  4.88362270972075
463  4.88412384563575
464  4.88462356464443
465  4.88512186853730
466  4.88561876603622
467  4.88611426420204
468  4.88660836997025
469  4.88710108886895
470  4.88759243048627
471  4.88808240013381
472  4.88857100473013
473  4.88905825094914
474  4.88954414524267
475  4.89002869438674
476  4.89051190493168
477  4.89099378341039
478  4.89147433626285
479  4.89195356988496
480  4.89243149067481
481  4.89290810496627
482  4.89338341905075
483  4.89385743915740
484  4.89433017159438
485  4.89480162239323
486  4.89527179772779
487  4.89574070379855
488  4.89620833823976
489  4.89667472100109
490  4.89713985474946
491  4.89760374308087
492  4.89806639177099
493  4.89852780665736
494  4.89898799351743
495  4.89944695815360
496  4.89990470630709
497  4.90036124361283
498  4.90081657496974
499  4.90127070668342
500  4.90172364437783
501  4.90217539360934
502  4.90262595970554
503  4.90307534834545
504  4.90352356485064
505  4.90397061458386
506  4.90441650300965
507  4.90486123549817
508  4.90530481700910
509  4.90574725281867
510  4.90618854826500
511  4.90662870862390
512  4.90706773895193
513  4.90750564438219
514  4.90794242993884
515  4.90837810067567
516  4.90881266162297
517  4.90924611771063
518  4.90967847396041
519  4.91010973528751
520  4.91053990663948
521  4.91096899263408
522  4.91139699829499
523  4.91182393195557
524  4.91224979125393
525  4.91267458447504
526  4.91309831621365
527  4.91352099128098
528  4.91394261447973
529  4.91436318991057
530  4.91478272244514
531  4.91520122025203
532  4.91561868736166
533  4.91603512530606
534  4.91645053849453
535  4.91686493151022
536  4.91727830855486
537  4.91769067413533
538  4.91810203266839
539  4.91851238836879
540  4.91892174561317
541  4.91933010867181
542  4.91973748158086
543  4.92014386897340
544  4.92054927490208
545  4.92095370349798
546  4.92135715891100
547  4.92175964527548
548  4.92216116667136
549  4.92256172732232
550  4.92296133102987
551  4.92335998196833
552  4.92375768414189
553  4.92415444151506
554  4.92455025804977
555  4.92494513614785
556  4.92533908281991
557  4.92573210015751
558  4.92612419243744
559  4.92651536328392
560  4.92690561652880
561  4.92729495599610
562  4.92768338544945
563  4.92807090865705
564  4.92845752924330
565  4.92884325098377
566  4.92922807756198
567  4.92961201264009
568  4.92999505988133
569  4.93037722286081
570  4.93075850519952
571  4.93113891047393
572  4.93151844226338
573  4.93189710405869
574  4.93227489939803
575  4.93265183167758
576  4.93302790460716
577  4.93340312166704
578  4.93377748610687
579  4.93415100170343
580  4.93452367045538
581  4.93489549763087
582  4.93526648495079
583  4.93563663709677
584  4.93600595685451
585  4.93637444778918
586  4.93674211261927
587  4.93710895398605
588  4.93747497254587
589  4.93784018844320
590  4.93820458015258
591  4.93856816806270
592  4.93893094741548
593  4.93929292294662
594  4.93965409932625
595  4.94001447020441
596  4.94037405453571
597  4.94073284875216
598  4.94109085318390
599  4.94144807282719
600  4.94180451072183
601  4.94216016987513
602  4.94251505332492
603  4.94286916398018
604  4.94322250492167
605  4.94357507896554
606  4.94392688928282
607  4.94427793841978
608  4.94462822949669
609  4.94497776554266
610  4.94532654903886
611  4.94567458319333
612  4.94602187061078
613  4.94636841699558
614  4.94671421922917
615  4.94705928367241
616  4.94740361271977
617  4.94774720912529
618  4.94809007559110
619  4.94843221488653
620  4.94877362958665
621  4.94911432263013
622  4.94945429664160
623  4.94979355421551
624  4.95013209806422
625  4.95046993076709
626  4.95080705513677
627  4.95114347357787
628  4.95147918882975
629  4.95181420486382
630  4.95214852143740
631  4.95248214253555
632  4.95281507070609
633  4.95314730851345
634  4.95347885843720
635  4.95380972292347
636  4.95413990461786
637  4.95446940597553
638  4.95479822945816
639  4.95512637318164
640  4.95545377512086
641  4.95578050253201
642  4.95610656394029
643  4.95643196175058
644  4.95675669835842
645  4.95708077618464
646  4.95740419754743
647  4.95772696479807
648  4.95804908030605
649  4.95837053307832
650  4.95869281226598
651  4.95901298867872
652  4.95933252270898
653  4.95965141655419
654  4.95996967280718
655  4.96028729309627
656  4.96060427999120
657  4.96092063573284
658  4.96123636255082
659  4.96155146268560
660  4.96186593829869
661  4.96217979164683
662  4.96249302483942
663  4.96280563975045
664  4.96311763921965
665  4.96342902488746
666  4.96373979871431
667  4.96404996317255
668  4.96435952044270
669  4.96466847251263
670  4.96497682159749
671  4.96528456971943
672  4.96559171891091
673  4.96589827146018
674  4.96620422893088
675  4.96650959393017
676  4.96681484368103
677  4.96711855395914
678  4.96742215308289
679  4.96772516756950
680  4.96802759944448
681  4.96832945071951
682  4.96863072332740
683  4.96893141925943
684  4.96923154051274
685  4.96953108896148
686  4.96983006660603
687  4.97012847533204
688  4.97042631708431
689  4.97072359377459
690  4.97102030730603
691  4.97131645961081
692  4.97161205249644
693  4.97190708777063
694  4.97220156751366
695  4.97249549349973
696  4.97278886753187
697  4.97308169152874
698  4.97337396721279
699  4.97366569642189
700  4.97395688115840
701  4.97424752296364
702  4.97453762437989
703  4.97482718594136
704  4.97511502106789
705  4.97540311114578
706  4.97569106269129
707  4.97597848321000
708  4.97626537295530
709  4.97655173398461
710  4.97683756801262
711  4.97712287681446
712  4.97740766241021
713  4.97769192591635
714  4.97797566937029
715  4.97825889436465
716  4.97854158815844
717  4.97882370529229
718  4.97910530408292
719  4.97938638912446
720  4.97966696217435
721  4.97994702482229
722  4.98022658042470
723  4.98050562721859
724  4.98078416854563
725  4.98106220632362
726  4.98133974153276
727  4.98161677608437
728  4.98189331157816
729  4.98216934950370
730  4.98244489164782
731  4.98271993950700
732  4.98299449435427
733  4.98326855817451
734  4.98354213246134
735  4.98381521817008
736  4.98408781777652
737  4.98435993232069
738  4.98463156344119
739  4.98490271254621
740  4.98517338119800
741  4.98544357087685
742  4.98571328302277
743  4.98598251923960
744  4.98625128098903
745  4.98651956968395
746  4.98678738681903
747  4.98705473396978
748  4.98732161259556
749  4.98758802374011
750  4.98785396938763
751  4.98811944884326
752  4.98838446715046
753  4.98864902452973
754  4.98891312150941
755  4.98917675992174
756  4.98943994113395
757  4.98970266653471
758  4.98996493758806
759  4.99022675564104
760  4.99048812220396
761  4.99074903888968
762  4.99100950668154
763  4.99126952693620
764  4.99152910119980
765  4.99178823045672
766  4.99204691620470
767  4.99230515983709
768  4.99256296309893
769  4.99282032654925
770  4.99307725182527
771  4.99333374031784
772  4.99358979330427
773  4.99384541211066
774  4.99410059810263
775  4.99435535231581
776  4.99460967631433
777  4.99486357132128
778  4.99511703856232
779  4.99537007936436
780  4.99562269498428
781  4.99587488663072
782  4.99612665565382
783  4.99637800322680
784  4.99662893062020
785  4.99687943905643
786  4.99712952979375
787  4.99737920412826
788  4.99762846316048
789  4.99787730820947
790  4.99812574044461
791  4.99837376106550
792  4.99862137129826
793  4.99886857234351
794  4.99911536539520
795  4.99936175168689
796  4.99960773232351
797  4.99985330852331
798  5.00009848138230
799  5.00034325220899
800  5.00058762216302
801  5.00083159233055
802  5.00107516389547
803  5.00131833800765
804  5.00156111581276
805  5.00180349842449
806  5.00204548711829
807  5.00228708294912
808  5.00252828688486
809  5.00276910018536
810  5.00300952397789
811  5.00324955935378
812  5.00348920743407
813  5.00372846932189
814  5.00396734615037
815  5.00420583896342
816  5.00444394888361
817  5.00468167695620
818  5.00491902430678
819  5.00515599200268
820  5.00539258111222
821  5.00562879271366
822  5.00586462786814
823  5.00610008752386
824  5.00633517308153
825  5.00656988524035
826  5.00680422517773
827  5.00703815268810
828  5.00727173773590
829  5.00750496718739
830  5.00773782856544
831  5.00797032290048
832  5.00820245129202
833  5.00843421461257
834  5.00866561393856
835  5.00889665028826
836  5.00912732467261
837  5.00935763814392
838  5.00958759161688
839  5.00981718612800
840  5.01004642251073
841  5.01027530194285
842  5.01050239905360
843  5.01073008668193
844  5.01095789882479
845  5.01118535784965
846  5.01141246476468
847  5.01163922053472
848  5.01186562612032
849  5.01209168247891
850  5.01231739058676
851  5.01254275134799
852  5.01276776573144
853  5.01299243471934
854  5.01321675915974
855  5.01344074003497
856  5.01366437831347
857  5.01388767476325
858  5.01411063054171
859  5.01433324646251
860  5.01455552344290
861  5.01477746239662
862  5.01499906449892
863  5.01522033021283
864  5.01544126053293
865  5.01566185633382
866  5.01588211873540
867  5.01610204859659
868  5.01632164655377
869  5.01654091376450
870  5.01675985101492
871  5.01697845917368
872  5.01719673913430
873  5.01741469178868
874  5.01763231799702
875  5.01784961855738
876  5.01806659439076
877  5.01828324635245
878  5.01849957529510
879  5.01871558207169
880  5.01893126753200
881  5.01914663252247
882  5.01936167788666
883  5.01957640450508
884  5.01979081313404
885  5.02000490467082
886  5.02021867990009
887  5.02043213965890
888  5.02064528161220
889  5.02085808773736
890  5.02107057906134
891  5.02128275795044
892  5.02149462538369
893  5.02170618176535
894  5.02191742799784
895  5.02212836519460
896  5.02233899387942
897  5.02254931492824
898  5.02275932891730
899  5.02296903699801
900  5.02317843988427
901  5.02338753827617
902  5.02359633298288
903  5.02380482479236
904  5.02401301443409
905  5.02422090292517
906  5.02442849026580
907  5.02463577808641
908  5.02484276633456
909  5.02504945681405
910  5.02525584972156
911  5.02546191568540
912  5.02566766027749
913  5.02587311029876
914  5.02607826617435
915  5.02628312933078
916  5.02648770010770
917  5.02669197928533
918  5.02689596760044
919  5.02709966578708
920  5.02730307457671
921  5.02750619470780
922  5.02770902688722
923  5.02791157183963
924  5.02811383030317
925  5.02831580298759
926  5.02851749059840
927  5.02871889388898
928  5.02892001352037
929  5.02912085022042
930  5.02932140469476
931  5.02952167764071
932  5.02972166974591
933  5.02992349804152
934  5.03012293295569
935  5.03032208912249
936  5.03052096727500
937  5.03071956804725
938  5.03091789228814
939  5.03111594041276
940  5.03131371321306
941  5.03151121136550
942  5.03170843556918
943  5.03190538676082
944  5.03210206516931
945  5.03229847155501
946  5.03249460669439
947  5.03269047119190
948  5.03288606580044
949  5.03308139106150
950  5.03327644769642
951  5.03347123634899
952  5.03366575783568
953  5.03386001251937
954  5.03405400118541
955  5.03424772447958
956  5.03444118290422
957  5.03463437738322
958  5.03482730841470
959  5.03501997664875
960  5.03521238268958
961  5.03540452743796
962  5.03559641091179
963  5.03578803427784
964  5.03597939790166
965  5.03617050251189
966  5.03636134868395
967  5.03655193705984
968  5.03674226825732
969  5.03693234289210
970  5.03712216157766
971  5.03731172495645
972  5.03750103346711
973  5.03769008792942
974  5.03787888889561
975  5.03806743683872
976  5.03825573270682
977  5.03844377663061
978  5.03863156963164
979  5.03881911189700
980  5.03900640439391
981  5.03919344750374
982  5.03938024190329
983  5.03956678808322
984  5.03975308669593
985  5.03993913832137
986  5.04012488333951
987  5.04031149901277
988  5.04049644592073
989  5.04068115381375
990  5.04086571154301
991  5.04105029317338
992  5.04123463177132
993  5.04141872791352
994  5.04160258216553
995  5.04178619527245
996  5.04196956781842
997  5.04215270017049
998  5.04233559265111
999  5.04251824618035
1000  5.04270066125002
1001  5.04288283833139
1002  5.04306477788623
1003  5.04324648061474
1004  5.04342794703237
1005  5.04360917776184
1006  5.04379017316087
1007  5.04397093380774
1008  5.04415146029723
1009  5.04433175315393
1010  5.04451181291383
1011  5.04469164011121
1012  5.04487123527871
1013  5.04505059894716
1014  5.04522973164588
1015  5.04540863390216
1016  5.04558730624176
1017  5.04576574922083
1018  5.04594396330475
1019  5.04612194903139
1020  5.04629970692701
1021  5.04647723750873
1022  5.04665454129204
1023  5.04683161879054
1024  5.04700847051670
1025  5.04718509700429
1026  5.04736149871528
1027  5.04753767618024
1028  5.04771362990482
1029  5.04788936036731
1030  5.04806486812134
1031  5.04824015364164
1032  5.04841521742748
1033  5.04859005997620
1034  5.04876468178377
1035  5.04893908334444
1036  5.04911326523462
1037  5.04928722777198
1038  5.04946097154143
1039  5.04963449704864
1040  5.04980780470734
1041  5.04998089507731
1042  5.05015376865808
1043  5.05032642584750
1044  5.05049886716777
1045  5.05067109309757
1046  5.05084310413401
1047  5.05101490069137
1048  5.05118648328560
1049  5.05135785238975
1050  5.05152900846548
1051  5.05169756093623
1052  5.05186829013742
1053  5.05203880732522
1054  5.05220911362258
1055  5.05237920929731
1056  5.05254909474879
1057  5.05271877081603
1058  5.05288823720254
1059  5.05305749474411
1060  5.05322654392092
1061  5.05339538512798
1062  5.05356401885549
1063  5.05373244556810
1064  5.05390066570429
1065  5.05406867971311
1066  5.05423648804272
1067  5.05440409116334
1068  5.05457148947315
1069  5.05473868341646
1070  5.05490567347415
1071  5.05507246007931
1072  5.05523904365173
1073  5.05540542464230
1074  5.05557160350081
1075  5.05573758065012
1076  5.05590335652485
1077  5.05606893155771
1078  5.05623430618038
1079  5.05639943522164
1080  5.05656435864965
1081  5.05672908240419
1082  5.05689360702208
1083  5.05705793269586
1084  5.05722206003046
1085  5.05738598933094
1086  5.05754972108212
1087  5.05771325570471
1088  5.05787659376705
1089  5.05803973541348
1090  5.05820268116215
1091  5.05836543148438
1092  5.05852798674085
1093  5.05869034734308
1094  5.05885251373870
1095  5.05901448631307
1096  5.05917626530655
1097  5.05933785167142
1098  5.05949924518766
1099  5.05966044664715
1100  5.05982140446379
1101  5.05998220580977
1102  5.06014283302771
1103  5.06030326970683
1104  5.06046351622918
1105  5.06062357311680
1106  5.06078344047305
1107  5.06094311886460
1108  5.06110260867458
1109  5.06126191029652
1110  5.06142102412282
1111  5.06157995056866
1112  5.06173869022721
1113  5.06189724300992
1114  5.06205560955514
1115  5.06221379030170
1116  5.06237178539029
1117  5.06252959553333
1118  5.06268722102365
1119  5.06284466215454
1120  5.06300191934987
1121  5.06315899298945
1122  5.06331588345195
1123  5.06347259111343
1124  5.06362911634179
1125  5.06378545950945
1126  5.06394162091271
1127  5.06409760110599
1128  5.06425340038357
1129  5.06440901910355
1130  5.06456445763562
1131  5.06471971639087
1132  5.06487479550266
1133  5.06502969567809
1134  5.06518441715829
1135  5.06533896026052
1136  5.06549332536085
1137  5.06564751284472
1138  5.06580152324883
1139  5.06595535662120
1140  5.06610901337025
1141  5.06626249392904
1142  5.06641579865467
1143  5.06656892790321
1144  5.06672188202982
1145  5.06687466138834
1146  5.06702726633183
1147  5.06717969759858
1148  5.06733195476711
1149  5.06748403858520
1150  5.06763594937859
1151  5.06778768750672
1152  5.06793925331663
1153  5.06809064715433
1154  5.06824186936467
1155  5.06839292029144
1156  5.06854380027779
1157  5.06869450968034
1158  5.06884504884033
1159  5.06899541806407
1160  5.06914561768656
1161  5.06929564808117
1162  5.06944550957280
1163  5.06959520249747
1164  5.06974472719035
1165  5.06989408398532
1166  5.07004327330414
1167  5.07019229530288
1168  5.07034115038888
1169  5.07048983891733
1170  5.07063836120537
1171  5.07078671776469
1172  5.07093490866401
1173  5.07108293422291
1174  5.07123079482622
1175  5.07137849082296
1176  5.07152602253574
1177  5.07167339028802
1178  5.07182059440285
1179  5.07196763518919
1180  5.07211451301607
1181  5.07226122814274
1182  5.07240778089939
1183  5.07255417161580
1184  5.07270040061893
1185  5.07284646822360
1186  5.07299237473589
1187  5.07313812046984
1188  5.07328370573901
1189  5.07342913085556
1190  5.07357439611881
1191  5.07371950186387
1192  5.07386444838821
1193  5.07400923604544
1194  5.07415386507272
1195  5.07429833578488
1196  5.07444264852470
1197  5.07458680356760
1198  5.07473080122464
1199  5.07487464180545
1200  5.07501832565659
1201  5.07516185306919
1202  5.07530522423589
1203  5.07544843953337
1204  5.07559149927300
1205  5.07573440372979
1206  5.07587715321378
1207  5.07601974802191
1208  5.07616218845065
1209  5.07630447479564
1210  5.07644660755966
1211  5.07658858667913
1212  5.07673041253499
1213  5.07687208548417
1214  5.07701360585915
1215  5.07715497385074
1216  5.07729618981696
1217  5.07743725403464
1218  5.07757816679246
1219  5.07771892837782
1220  5.07785953907755
1221  5.07799999920204
1222  5.07814030897865
1223  5.07828046873122
1224  5.07842047874003
1225  5.07856033928564
1226  5.07870005063788
1227  5.07883961310255
1228  5.07897902694821
1229  5.07911829247882
1230  5.07925740992564
1231  5.07939637959037
1232  5.07953520175114
1233  5.07967387667230
1234  5.07981240453409
1235  5.07995078566694
1236  5.08008902057232
1237  5.08022710933825
1238  5.08036505226228
1239  5.08050284960484
1240  5.08064050163752
1241  5.08077800863126
1242  5.08091537085815
1243  5.08105258858623
1244  5.08118966211609
1245  5.08132659165194
1246  5.08146337751752
1247  5.08160001992558
1248  5.08173651916288
1249  5.08187287516007
1250  5.08200908888190
1251  5.08214516023541
1252  5.08228108948367
1253  5.08241687688925
1254  5.08255252273833
1255  5.08268802723398
1256  5.08282339074491
1257  5.08295861341306
1258  5.08309369556257
1259  5.08322863737317
1260  5.08336343917129
1261  5.08349810120158
1262  5.08363262359514
1263  5.08376700685817
1264  5.08390125129701
1265  5.08403535681282
1266  5.08416956060267
1267  5.08430314864800
1268  5.08443683569440
1269  5.08457038523520
1270  5.08470379751814
1271  5.08483707283284
1272  5.08497021137633
1273  5.08510321357867
1274  5.08523613750520
1275  5.08536888623502
1276  5.08550148030777
1277  5.08563393886841
1278  5.08576626214962
1279  5.08589845044464
1280  5.08603050393686
1281  5.08616242289432
1282  5.08629420754790
1283  5.08642585816351
1284  5.08655737495820
1285  5.08668875818293
1286  5.08682000825783
1287  5.08695112507160
1288  5.08708210903775
1289  5.08721296058417
1290  5.08734367957078
1291  5.08747426642405
1292  5.08760472138074
1293  5.08773504466495
1294  5.08786523662691
1295  5.08799529728310
1296  5.08812522700000
1297  5.08825502602757
1298  5.08838469454147
1299  5.08851423279911
1300  5.08864364102013
1301  5.08877291945994
1302  5.08890206833722
1303  5.08903108788200
1304  5.08915997835628
1305  5.08928873994805
1306  5.08941737286927
1307  5.08954587737254
1308  5.08967425411939
1309  5.08980250246807
1310  5.08993062291614
1311  5.09005861600234
1312  5.09018648181302
1313  5.09031414166153
1314  5.09044175352445
1315  5.09056923876944
1316  5.09069659760915
1317  5.09082383028962
1318  5.09095093702071
1319  5.09107791802329
1320  5.09120477351470
1321  5.09133150141237
1322  5.09145810074653
1323  5.09158457502107
1324  5.09171092450339
1325  5.09183714919090
1326  5.09196324964456
1327  5.09208922591032
1328  5.09221507822859
1329  5.09234080680326
1330  5.09246641184992
1331  5.09259189358335
1332  5.09271725224254
1333  5.09284248799246
1334  5.09296760105870
1335  5.09309259170393
1336  5.09321746007789
1337  5.09334220640593
1338  5.09346683091012
1339  5.09359133378899
1340  5.09371344485183
1341  5.09383690803152
1342  5.09396104502290
1343  5.09408506121988
1344  5.09420895684958
1345  5.09433273211932
1346  5.09445638722411
1347  5.09457992239482
1348  5.09470333782514
1349  5.09482663372083
1350  5.09494981027527
1351  5.09507286778661
1352  5.09519580630682
1353  5.09531862610968
1354  5.09544132749150
1355  5.09556391046848
1356  5.09568637534084
1357  5.09580872229367
1358  5.09593095155120
1359  5.09605306332720
1360  5.09617507513818
1361  5.09629695813615
1362  5.09641871856692
1363  5.09654036230095
1364  5.09666188939271
1365  5.09678330030231
1366  5.09690459509603
1367  5.09702577397062
1368  5.09714683712207
1369  5.09726778473442
1370  5.09738861702665
1371  5.09750933418173
1372  5.09762993600099
1373  5.09775042344765
1374  5.09787079632742
1375  5.09799105485716
1376  5.09811119921712
1377  5.09823122966195
1378  5.09835114632049
1379  5.09847094936560
1380  5.09859063899437
1381  5.09871021542109
1382  5.09882967882326
1383  5.09894902939010
1384  5.09906826735612
1385  5.09918739280653
1386  5.09930640599851
1387  5.09942530755850
1388  5.09954409704950
1389  5.09966277455425
1390  5.09978134053590
1391  5.09989979518012
1392  5.10001813866018
1393  5.10013637104324
1394  5.10025449285244
1395  5.10037250401271
1396  5.10049040473448
1397  5.10060819521176
1398  5.10072587565098
1399  5.10084344622256
1400  5.10096090715399
1401  5.10107825853496
1402  5.10119550059214
1403  5.10131263350612
1404  5.10142965744518
1405  5.10154657213247
1406  5.10166337856396
1407  5.10178007670110
1408  5.10189666659083
1409  5.10201314839934
1410  5.10212952232794
1411  5.10224578854174
1412  5.10236194721734
1413  5.10247799853129
1414  5.10259394265942
1415  5.10270977980199
1416  5.10282551007243
1417  5.10294113369412
1418  5.10305665082900
1419  5.10317206165127
1420  5.10328736633412
1421  5.10340256503882
1422  5.10351765796149
1423  5.10363264526284
1424  5.10374752711417
1425  5.10386230368723
1426  5.10397697515275
1427  5.10409154167242
1428  5.10420600327374
1429  5.10432036043897
1430  5.10443461317694
1431  5.10454876165670
1432  5.10466280604657
1433  5.10477674650316
1434  5.10489058355912
1435  5.10500431671322
1436  5.10511794642303
1437  5.10523147288053
1438  5.10534489625224
1439  5.10545821669466
1440  5.10557143438866
1441  5.10568454949593
1442  5.10579756217818
1443  5.10591047260022
1444  5.10602326901784
1445  5.10613595608173
1446  5.10624854119704
1447  5.10636102498244
1448  5.10647340681893
1449  5.10658568737166
1450  5.10669786676916
1451  5.10680994520976
1452  5.10692192277641
1453  5.10703379923398
1454  5.10714557546263
1455  5.10725725120511
1456  5.10736882669731
1457  5.10748030208631
1458  5.10759167755450
1459  5.10770295324833
1460  5.10781412942177
1461  5.10792520604056
1462  5.10803618317628
1463  5.10814706134856
1464  5.10825784075673
1465  5.10836852118599
1466  5.10847910286250
1467  5.10858958601862
1468  5.10869997080939
1469  5.10881025684807
1470  5.10892044537027
1471  5.10903053599059
1472  5.10914052836421
1473  5.10925042366648
1474  5.10936022150168
1475  5.10946992204766
1476  5.10957952544526
1477  5.10968903186985
1478  5.10979844146150
1479  5.10990775437131
1480  5.11001697075032
1481  5.11012609074057
1482  5.11023511450733
1483  5.11034404219750
1484  5.11045287395762
1485  5.11056160255337
1486  5.11067024294449
1487  5.11077878780585
1488  5.11088723732074
1489  5.11099559166082
1490  5.11110385095370
1491  5.11121201535014
1492  5.11132008500261
1493  5.11142806005767
1494  5.11153594064277
1495  5.11164372693970
1496  5.11175141907956
1497  5.11185901746110
1498  5.11196652171861
1499  5.11207393225211
1500  5.11218124919401
1501  5.11228847271252
1502  5.11239560293926
1503  5.11250264013312
1504  5.11260958425965
1505  5.11271643546061
1506  5.11282319392769
1507  5.11292985982936
1508  5.11303643331134
1509  5.11314291450134
1510  5.11324930353142
1511  5.11335560055790
1512  5.11346173933740
1513  5.11356783101897
1514  5.11367385280897
1515  5.11377978314755
1516  5.11388562217476
1517  5.11399136969904
1518  5.11409702636169
1519  5.11420259215810
1520  5.11430806723619
1521  5.11441345169488
1522  5.11451874567904
1523  5.11462394932709
1524  5.11472906277798
1525  5.11483408618469
1526  5.11493901963189
1527  5.11504386328163
1528  5.11514861760411
1529  5.11525328207580
1530  5.11535785716122
1531  5.11546234298050
1532  5.11556673970088
1533  5.11567104741951
1534  5.11577526632241
1535  5.11587939647472
1536  5.11598343805016
1537  5.11608739117300
1538  5.11619125595872
1539  5.11629503244050
1540  5.11639872080372
1541  5.11650232129924
1542  5.11660583403380
1543  5.11670925911838
1544  5.11681259670915
1545  5.11691584688832
1546  5.11701900983813
1547  5.11712208546107
1548  5.11722507426547
1549  5.11732797619436
1550  5.11743079135572
1551  5.11753351992978
1552  5.11763616202420
1553  5.11773871774174
1554  5.11784118724065
1555  5.11794357062138
1556  5.11804586805555
1557  5.11814807963274
1558  5.11825020556531
1559  5.11835224581163
1560  5.11845420064483
1561  5.11855607016433
1562  5.11865785447924
1563  5.11875955369984
1564  5.11886116797831
1565  5.11896269741726
1566  5.11906414215969
1567  5.11916550228298
1568  5.11926677796876
1569  5.11936796930139
1570  5.11946907643496
1571  5.11957009949107
1572  5.11967103856313
1573  5.11977189426435
1574  5.11987266560798
1575  5.11997335362681
1576  5.12007395755257
1577  5.12017447775373
1578  5.12027491475892
1579  5.12037526862118
1580  5.12047553952960
1581  5.12057572753416
1582  5.12067583279449
1583  5.12077585542211
1584  5.12087579558539
1585  5.12097565331604
1586  5.12107542880121
1587  5.12117512213543
1588  5.12127473347968
1589  5.12137426283960
1590  5.12147371047550
1591  5.12157307639810
1592  5.12167236080128
1593  5.12177156375044
1594  5.12187068538684
1595  5.12196972584146
1596  5.12206868522091
1597  5.12216756366318
1598  5.12226636120312
1599  5.12236507804849
1600  5.12246371424294
1601  5.12256226995504
1602  5.12266074530197
1603  5.12275914036116
1604  5.12285745336352
1605  5.12295568761342
1606  5.12305384259949
1607  5.12315191776052
1608  5.12324991321825
1609  5.12334782912241
1610  5.12344566556029
1611  5.12354342266140
1612  5.12364110038732
1613  5.12373869910999
1614  5.12383621887049
1615  5.12393365975907
1616  5.12403102181948
1617  5.12412830522877
1618  5.12422551005943
1619  5.12432263648009
1620  5.12441968464166
1621  5.12451665451117
1622  5.12461354625343
1623  5.12471035999649
1624  5.12480709585778
1625  5.12490375394483
1626  5.12500033438367
1627  5.12509683722423
1628  5.12519326264212
1629  5.12528961075037
1630  5.12538588164606
1631  5.12548207541167
1632  5.12557819214415
1633  5.12567423198907
1634  5.12577019505949
1635  5.12586608141844
1636  5.12596189121292
1637  5.12605762455509
1638  5.12615328155821
1639  5.12624886229586
1640  5.12634436689369
1641  5.12643979545076
1642  5.12653514808840
1643  5.12663042488969
1644  5.12672562600711
1645  5.12682075150043
1646  5.12691580136130
1647  5.12701077618858
1648  5.12710567545878
1649  5.12720049951973
1650  5.12729524853255
1651  5.12738992261059
1652  5.12748452186402
1653  5.12757904638372
1654  5.12767349598661
1655  5.12776787126353
1656  5.12786217211838
1657  5.12795639852548
1658  5.12805055287054
1659  5.12814463092846
1660  5.12823863491433
1661  5.12833256498909
1662  5.12842642124392
1663  5.12852020377238
1664  5.12861391265032
1665  5.12870754802518
1666  5.12880110997723
1667  5.12889459859038
1668  5.12898801396152
1669  5.12908135625473
1670  5.12917462551461
1671  5.12926782187296
1672  5.12936094539380
1673  5.12945399622126
1674  5.12954697447438
1675  5.12963988016662
1676  5.12973271326034
1677  5.12982547421913
1678  5.12991816298050
1679  5.13001077962442
1680  5.13010332421871
1681  5.13019579690280
1682  5.13028819779780
1683  5.13038052697298
1684  5.13047278449158
1685  5.13056497052280
1686  5.13065708512875
1687  5.13074912840799
1688  5.13084110045402
1689  5.13093300134244
1690  5.13102483119717
1691  5.13111659013294
1692  5.13120827821851
1693  5.13129989555913
1694  5.13139144226045
1695  5.13148291840827
1696  5.13157432409456
1697  5.13166565945901
1698  5.13175692462984
1699  5.13184811954138
1700  5.13193924435714
1701  5.13203029922034
1702  5.13212128418519
1703  5.13221219936398
1704  5.13230304484560
1705  5.13239382074593
1706  5.13248452714179
1707  5.13257516410825
1708  5.13266573175869
1709  5.13275623019259
1710  5.13284665950846
1711  5.13293701978812
1712  5.13302731107807
1713  5.13311753355513
1714  5.13320768728468
1715  5.13329777239806
1716  5.13338778887912
1717  5.13347773685547
1718  5.13356761606281
1719  5.13365742739166
1720  5.13374717051680
1721  5.13383684551045
1722  5.13392645249679
1723  5.13401599155726
1724  5.13410546277884
1725  5.13419486625281
1726  5.13428420214204
1727  5.13437347038884
1728  5.13446267113452
1729  5.13455180452014
1730  5.13464087057922
1731  5.13472986946149
1732  5.13481880123936
1733  5.13490766595328
1734  5.13499646375271
1735  5.13508519502919
1736  5.13517385921940
1737  5.13526245673762
1738  5.13535098767299
1739  5.13543945209491
1740  5.13552785011183
1741  5.13561618181050
1742  5.13570444729706
1743  5.13579264663263
1744  5.13588077990037
1745  5.13596884722298
1746  5.13605684866530
1747  5.13614478441538
1748  5.13623265435246
1749  5.13632045867480
1750  5.13640819742861
1751  5.13649587077473
1752  5.13658347876129
1753  5.13667102147396
1754  5.13675849899886
1755  5.13684591140333
1756  5.13693325880979
1757  5.13702054127677
1758  5.13710775893058
1759  5.13719491180052
1760  5.13728199981065
1761  5.13736902353519
1762  5.13745598262356
1763  5.13754287729084
1764  5.13762970760890
1765  5.13771647370863
1766  5.13780317565376
1767  5.13788981351427
1768  5.13797638740012
1769  5.13806289734234
1770  5.13814934345125
1771  5.13823572599530
1772  5.13832204467347
1773  5.13840829977246
1774  5.13849449136510
1775  5.13858061953901
1776  5.13866668437641
1777  5.13875268601020
1778  5.13883862441010
1779  5.13892449973208
1780  5.13901031204616
1781  5.13909606127594
1782  5.13918174795663
1783  5.13926737178101
1784  5.13935293287860
1785  5.13943843137548
1786  5.13952386733993
1787  5.13960924087694
1788  5.13969455205559
1789  5.13977980095689
1790  5.13986498766058
1791  5.13995011224757
1792  5.14003517479697
1793  5.14012017537657
1794  5.14020511411706
1795  5.14028999103280
1796  5.14037480623026
1797  5.14045955978837
1798  5.14054425178655
1799  5.14062888235299
1800  5.14071345145634
1801  5.14079795924717
1802  5.14088240579313
1803  5.14096679117225
1804  5.14105111548756
1805  5.14113537876921
1806  5.14121958111822
1807  5.14130372260195
1808  5.14138780365626
1809  5.14147182367786
1810  5.14155578307578
1811  5.14163968192949
1812  5.14172352031605
1813  5.14180729831394
1814  5.14189101598771
1815  5.14197467343168
1816  5.14205827071827
1817  5.14214180792127
1818  5.14222528511291
1819  5.14230870237840
1820  5.14239205978971
1821  5.14247535740995
1822  5.14255859518297
1823  5.14264177348428
1824  5.14272489221972
1825  5.14280795149284
1826  5.14289095136457
1827  5.14297389108431
1828  5.14305676846558
1829  5.14313958670501
1830  5.14322234595361
1831  5.14330504623819
1832  5.14338768806891
1833  5.14347027067606
1834  5.14355279455702
1835  5.14363525978442
1836  5.14371766642081
1837  5.14380001456385
1838  5.14388230426716
1839  5.14396453542817
1840  5.14404670849521
1841  5.14412882337729
1842  5.14421095813246
1843  5.14429298202225
1844  5.14437492271836
1845  5.14445680549760
1846  5.14453863028608
1847  5.14462039735716
1848  5.14470210680685
1849  5.14478375862604
1850  5.14486535288740
1851  5.14494688966664
1852  5.14502836826789
1853  5.14510979038875
1854  5.14519115513456
1855  5.14527246267856
1856  5.14535371309020
1857  5.14543490644058
1858  5.14551604278466
1859  5.14559712222175
1860  5.14567814481118
1861  5.14575911062246
1862  5.14584001972661
1863  5.14592087219350
1864  5.14600166814050
1865  5.14608240752565
1866  5.14616309049563
1867  5.14624371710876
1868  5.14632428746181
1869  5.14640480156923
1870  5.14648525952798
1871  5.14656566140777
1872  5.14664600727742
1873  5.14672629719424
1874  5.14680653125058
1875  5.14688670950367
1876  5.14696683202135
1877  5.14704689887971
1878  5.14712691016258
1879  5.14720686588708
1880  5.14728676613735
1881  5.14736661100209
1882  5.14744640054352
1883  5.14752613489785
1884  5.14760581400223
1885  5.14768543795402
1886  5.14776500684645
1887  5.14784452074746
1888  5.14792397971214
1889  5.14800338379261
1890  5.14808273312076
1891  5.14816202772538
1892  5.14824126767342
1893  5.14832045303130
1894  5.14839958386555
1895  5.14847866023106
1896  5.14855768221718
1897  5.14863664987866
1898  5.14871556294499
1899  5.14879442204624
1900  5.14887322712983
1901  5.14895197815240
1902  5.14903067517974
1903  5.14910931826531
1904  5.14918790749815
1905  5.14926644293195
1906  5.14934492465846
1907  5.14942335269583
1908  5.14950172712426
1909  5.14958004806174
1910  5.14965831547179
1911  5.14973652947435
1912  5.14981469013143
1913  5.14989279750711
1914  5.14997085166630
1915  5.15004885267290
1916  5.15012680059080
1917  5.15020469551101
1918  5.15028253743130
1919  5.15036032646650
1920  5.15043795601361
1921  5.15051563055790
1922  5.15059326123506
1923  5.15067083926889
1924  5.15074836473699
1925  5.15082583766128
1926  5.15090325814306
1927  5.15098062623362
1928  5.15105794199514
1929  5.15113520549727
1930  5.15121241920027
1931  5.15128957835172
1932  5.15136668546274
1933  5.15144374051980
1934  5.15152074362105
1935  5.15159769483002
1936  5.15167459421691
1937  5.15175143989591
1938  5.15182823207537
1939  5.15190497254756
1940  5.15198166120280
1941  5.15205829844419
1942  5.15213488416270
1943  5.15221141841878
1944  5.15228790127408
1945  5.15236433281023
1946  5.15244071305379
1947  5.15251704207239
1948  5.15259331992455
1949  5.15266954669304
1950  5.15274572242364
1951  5.15282184717580
1952  5.15289792101258
1953  5.15297394399369
1954  5.15304991617985
1955  5.15312583763064
1956  5.15320170842139
1957  5.15327752858114
1958  5.15335329818489
1959  5.15342901730133
1960  5.15350468597233
1961  5.15358030426586
1962  5.15365587224113
1963  5.15373138995714
1964  5.15380685746192
1965  5.15388227483726
1966  5.15395764223804
1967  5.15403295950828
1968  5.15410823058893
1969  5.15418344799461
1970  5.15425861554413
1971  5.15433373331410
1972  5.15440880134347
1973  5.15448381970027
1974  5.15455878844299
1975  5.15463370762927
1976  5.15470857742532
1977  5.15478339767227
1978  5.15485816853611
1979  5.15493289011441
1980  5.15500756239438
1981  5.15508218545461
1982  5.15515675642172
1983  5.15523128123203
1984  5.15530575700380
1985  5.15538018381422
1986  5.15545456168626
1987  5.15552889068060
1988  5.15560317086659
1989  5.15567740229824
1990  5.15575158503191
1991  5.15582571912448
1992  5.15589980463160
1993  5.15597384161037
1994  5.15604783011646
1995  5.15612177019397
1996  5.15619566195033
1997  5.15626950537453
1998  5.15634330055026
1999  5.15641704753298
2000  5.15649074638704
2001  5.15656439715034
2002  5.15663799987540
2003  5.15671155469330
2004  5.15678506210807
2005  5.15685852187221
2006  5.15693193383387
2007  5.15700529804832
2008  5.15707861456998
2009  5.15715188345430
2010  5.15722510475577
2011  5.15729827851699
2012  5.15737140481638
2013  5.15744448369689
2014  5.15751751521256
2015  5.15759049941804
2016  5.15766343636682
2017  5.15773632611345
2018  5.15780916854206
2019  5.15788196404577
2020  5.15795471250926
2021  5.15802741399452
2022  5.15810006853830
2023  5.15817267620176
2024  5.15824523703818
2025  5.15831775110247
2026  5.15839021847474
2027  5.15846263914192
2028  5.15853501320797
2029  5.15860734071413
2030  5.15867962171340
2031  5.15875185636725
2032  5.15882404451092
2033  5.15889618630601
2034  5.15896828179378
2035  5.15904033104963
2036  5.15911233412337
2037  5.15918429108609
2038  5.15925620192644
2039  5.15932806673260
2040  5.15939988555702
2041  5.15947165845135
2042  5.15954338545870
2043  5.15961506719545
2044  5.15968670261130
2045  5.15975829230486
2046  5.15982983632695
2047  5.15990133472971
2048  5.15997278756416
2049  5.16004419488209
2050  5.16011555668330
2051  5.16018687314538
2052  5.16025814420167
2053  5.16032936996140
2054  5.16040055044740
2055  5.16047168572092
2056  5.16054277583523
2057  5.16061382084060
2058  5.16068482078793
2059  5.16075577571570
2060  5.16082668569834
2061  5.16089755060904
2062  5.16096837082820
2063  5.16103914624112
2064  5.16110987689813
2065  5.16118056284944
2066  5.16125120413239
2067  5.16132180082119
2068  5.16139235298095
2069  5.16146286061559
2070  5.16153332379282
2071  5.16160374255414
2072  5.16167411695751
2073  5.16174444705252
2074  5.16181473288789
2075  5.16188497450210
2076  5.16195517201895
2077  5.16202532537235
2078  5.16209541957037
2079  5.16216545673811
2080  5.16223544985675
2081  5.16230539913064
2082  5.16237530459993
2083  5.16244516632791
2084  5.16251498436832
2085  5.16258475874987
2086  5.16265448953595
2087  5.16272417676453
2088  5.16279382048552
2089  5.16286342058885
2090  5.16293297744342
2091  5.16300249092569
2092  5.16307196110663
2093  5.16314138802235
2094  5.16321077168325
2095  5.16328011219321
2096  5.16334940959113
2097  5.16341866391455
2098  5.16348787521103
2099  5.16355704352525
2100  5.16362616890352
2101  5.16369525139504
2102  5.16376429105540
2103  5.16383328792111
2104  5.16390224204143
2105  5.16397115346536
2106  5.16404002223963
2107  5.16410884860583
2108  5.16417763221468
2109  5.16424637354966
2110  5.16431507222187
2111  5.16438372845011
2112  5.16445234245819
2113  5.16452091404216
2114  5.16458944329526
2115  5.16465793030761
2116  5.16472637515132
2117  5.16479477785641
2118  5.16486313847762
2119  5.16493145704364
2120  5.16499973360915
2121  5.16506797111781
2122  5.16513616475099
2123  5.16520431559042
2124  5.16527242459973
2125  5.16534049184835
2126  5.16540851742240
2127  5.16547650126240
2128  5.16554444347508
2129  5.16561234408781
2130  5.16568020315446
2131  5.16574802072037
2132  5.16581579690309
2133  5.16588353163613
2134  5.16595122497160
2135  5.16601887698527
2136  5.16608648772440
2137  5.16615405733294
2138  5.16622158565347
2139  5.16628907283091
2140  5.16635651891045
2141  5.16642392392451
2142  5.16649128794073
2143  5.16655861099990
2144  5.16662589312945
2145  5.16669313438212
2146  5.16676033480149
2147  5.16682749443134
2148  5.16689461332299
2149  5.16696169149680
2150  5.16702872902302
2151  5.16709572593487
2152  5.16716268232993
2153  5.16722959814520
2154  5.16729647350514
2155  5.16736330839749
2156  5.16743010289368
2157  5.16749685703372
2158  5.16756357086672
2159  5.16763024443348
2160  5.16769687777634
2161  5.16776347093932
2162  5.16783002396480
2163  5.16789653690184
2164  5.16796300978307
2165  5.16802944267200
2166  5.16809583557321
2167  5.16816218855351
2168  5.16822850199522
2169  5.16829477525582
2170  5.16836100872051
2171  5.16842720244040
2172  5.16849335644037
2173  5.16855947077137
2174  5.16862554546358
2175  5.16869158058301
2176  5.16875757615998
2177  5.16882353223581
2178  5.16888944886180
2179  5.16895532606225
2180  5.16902619872199
2181  5.16909199950212
2182  5.16915776104406
2183  5.16922348334777
2184  5.16928916644274
2185  5.16935481037917
2186  5.16942041518171
2187  5.16948598088817
2188  5.16955150743957
2189  5.16961699500213
2190  5.16968244416642
2191  5.16974785398568
2192  5.16981322484434
2193  5.16987855689186
2194  5.16994385015295
2195  5.17000910467614
2196  5.17007432050270
2197  5.17013949767281
2198  5.17020463625598
2199  5.17026973582266
2200  5.17033479726539
2201  5.17039981968720
2202  5.17046480419013
2203  5.17052975027635
2204  5.17059465783468
2205  5.17065952704284
2206  5.17072435794123
2207  5.17078915057785
2208  5.17085390496794
2209  5.17091862120271
2210  5.17098329926250
2211  5.17104793921209
2212  5.17111254109826
2213  5.17117710495045
2214  5.17124163080985
2215  5.17130611871862
2216  5.17137056871615
2217  5.17143498083039
2218  5.17149935512463
2219  5.17156369162632
2220  5.17162799037457
2221  5.17169225141715
2222  5.17175647477640
2223  5.17182069355447
2224  5.17188484168690
2225  5.17194895225826
2226  5.17201302530785
2227  5.17207706088078
2228  5.17214105901358
2229  5.17220501974412
2230  5.17226894315246
2231  5.17233282920915
2232  5.17239667796717
2233  5.17246048947796
2234  5.17252426376894
2235  5.17258800090826
2236  5.17265170091176
2237  5.17271536382010
2238  5.17277898967316
2239  5.17284257851004
2240  5.17290613037670
2241  5.17296964529494
2242  5.17303312331129
2243  5.17309656447995
2244  5.17315996880589
2245  5.17322333634422
2246  5.17328666713220
2247  5.17334996120782
2248  5.17341321860864
2249  5.17347643937880
2250  5.17353962354529
2251  5.17360277113084
2252  5.17366588220638
2253  5.17372895656448
2254  5.17379199473496
2255  5.17385499646517
2256  5.17391796181934
2257  5.17398089083600
2258  5.17404378355243
2259  5.17410664000570
2260  5.17416945978357
2261  5.17423224314412
2262  5.17429499039764
2263  5.17435770156684
2264  5.17442037667729
2265  5.17448301576761
2266  5.17454561887719
2267  5.17460818605148
2268  5.17467072481840
2269  5.17473322262749
2270  5.17479568218319
2271  5.17485810604152
2272  5.17492049403790
2273  5.17498284630936
2274  5.17504516289201
2275  5.17510744382171
2276  5.17516968913534
2277  5.17523189887712
2278  5.17529407305474
2279  5.17535621173591
2280  5.17541831532155
2281  5.17548038309445
2282  5.17554241546676
2283  5.17560441251588
2284  5.17566637420876
2285  5.17572830059540
2286  5.17579019172451
2287  5.17585204762003
2288  5.17591386820790
2289  5.17597565376402
2290  5.17603740421997
2291  5.17609911948381
2292  5.17616079985817
2293  5.17622244489316
2294  5.17628405496264
2295  5.17634563011039
2296  5.17640717035995
2297  5.17646867902140
2298  5.17653014961491
2299  5.17659158542703
2300  5.17665298651410
2301  5.17671435299035
2302  5.17677568466700
2303  5.17683698170150
2304  5.17689824412930
2305  5.17695947198028
2306  5.17702066530332
2307  5.17708182411833
2308  5.17714294842100
2309  5.17720403833059
2310  5.17726508623602
2311  5.17732610491327
2312  5.17738709177732
2313  5.17744804429008
2314  5.17750883882066
2315  5.17756972280087
2316  5.17763057258567
2317  5.17769138820993
2318  5.17775216971644
2319  5.17781291701089
2320  5.17787362970210
2321  5.17793430832772
2322  5.17799495294126
2323  5.17805556356484
2324  5.17811614025565
2325  5.17817668055883
2326  5.17823718865851
2327  5.17829766371755
2328  5.17835810496626
2329  5.17841851243930
2330  5.17847888618508
2331  5.17853922617453
2332  5.17859953219761
2333  5.17865980456355
2334  5.17872004312167
2335  5.17878024826438
2336  5.17884041987830
2337  5.17890055793832
2338  5.17896066250725
2339  5.17902073361682
2340  5.17908077129479
2341  5.17914077556828
2342  5.17920074649384
2343  5.17926068409297
2344  5.17932058839819
2345  5.17938045944877
2346  5.17944029727562
2347  5.17950010189674
2348  5.17955987338393
2349  5.17961961171208
2350  5.17967931692164
2351  5.17973898907750
2352  5.17979862820094
2353  5.17985823432497
2354  5.17991780748117
2355  5.17997734770242
2356  5.18003685502105
2357  5.18009632946914
2358  5.18015577107902
2359  5.18021517934502
2360  5.18027455537327
2361  5.18033389865942
2362  5.18039320923614
2363  5.18045248725077
2364  5.18051173250328
2365  5.18057094514223
2366  5.18063012519861
2367  5.18068927275961
2368  5.18074838773605
2369  5.18080747023704
2370  5.18086652028374
2371  5.18092553790686
2372  5.18098452315473
2373  5.18104347602573
2374  5.18110239656770
2375  5.18116128481283
2376  5.18122014079193
2377  5.18127896403189
2378  5.18133775557344
2379  5.18139651494305
2380  5.18145524217205
2381  5.18151393729171
2382  5.18157260033344
2383  5.18163123132803
2384  5.18168983033529
2385  5.18174839777003
2386  5.18180693296054
2387  5.18186543606498
2388  5.18192390728954
2389  5.18198234665253
2390  5.18204075418524
2391  5.18209912991840
2392  5.18215747388229
2393  5.18221578610809
2394  5.18227406662644
2395  5.18233231546797
2396  5.18239053273458
2397  5.18244871831363
2398  5.18250687231368
2399  5.18256499476213
2400  5.18262308567571
2401  5.18268114509500
2402  5.18273917305059
2403  5.18279716957295
2404  5.18285513469143
2405  5.18291306842538
2406  5.18297097082750
2407  5.18302884191719
2408  5.18308668172374
2409  5.18314449027756
2410  5.18320226760812
2411  5.18326001375165
2412  5.18331772873432
2413  5.18337541257739
2414  5.18343306530310
2415  5.18349068696751
2416  5.18354827758789
2417  5.18360583719376
2418  5.18366336581557
2419  5.18372086348252
2420  5.18377833022380
2421  5.18383576606940
2422  5.18389317104849
2423  5.18395054519081
2424  5.18400788851981
2425  5.18406520107840
2426  5.18412248289415
2427  5.18417973398199
2428  5.18423695437970
2429  5.18429414411626
2430  5.18435130322069
2431  5.18440843172216
2432  5.18446552965034
2433  5.18452259705068
2434  5.18457941662329
2435  5.18463610528888
2436  5.18469276343555
2437  5.18474939105313
2438  5.18480598818208
2439  5.18486255486145
2440  5.18491909110670
2441  5.18498123953790
2442  5.18503771730189
2443  5.18509416477633
2444  5.18515058195116
2445  5.18520696887285
2446  5.18526370382837
2447  5.18532106889948
2448  5.18537272181310
2449  5.18543002332849
2450  5.18548729421430
2451  5.18554453454539
2452  5.18560174434977
2453  5.18565892372107
2454  5.18571607257304
2455  5.18577319098976
2456  5.18582457861821
2457  5.18588125354615
2458  5.18593724881168
2459  5.18599321419712
2460  5.18604914972469
2461  5.18610505542225
2462  5.18616093130585
2463  5.18622247167548
2464  5.18627829033761
2465  5.18633407934222
2466  5.18638983866516
2467  5.18644556831758
2468  5.18650126833534
2469  5.18655693874597
2470  5.18661286446343
2471  5.18666879164648
2472  5.18672468939702
2473  5.18678055773101
2474  5.18683639667657
2475  5.18689220626037
2476  5.18694798651705
2477  5.18700373746296
2478  5.18705945912692
2479  5.18711515150562
2480  5.18717081469309
2481  5.18722644867099
2482  5.18728205349058
2483  5.18733762931631
2484  5.18739317593299
2485  5.18744869340508
2486  5.18750418181522
2487  5.18755964119007
2488  5.18761507155746
2489  5.18767047294960
2490  5.18772584537176
2491  5.18778118887603
2492  5.18783650348856
2493  5.18789178921883
2494  5.18794704610282
2495  5.18800227419584
2496  5.18805747346556
2497  5.18811264396841
2498  5.18816778573121
2499  5.18822289878054
2500  5.18827798312496
2501  5.18833303881876
2502  5.18838806588430
2503  5.18844306433196
2504  5.18849803419707
2505  5.18855297551560
2506  5.18860788829720
2507  5.18866277257725
2508  5.18871762838123
2509  5.18877245573594
2510  5.18882725465521
2511  5.18888202519001
2512  5.18893676735349
2513  5.18899148117185
2514  5.18904616667175
2515  5.18910082388440
2516  5.18915545282670
2517  5.18921005307387
2518  5.18926462555767
2519  5.18931916984903
2520  5.18937368598052
2521  5.18942817419714
2522  5.18948263408033
2523  5.18953706583717
2524  5.18959146946610
2525  5.18964584507197
2526  5.18970019327936
2527  5.18975451291707
2528  5.18980880461424
2529  5.18986306837493
2530  5.18991730425055
2531  5.18997151225651
2532  5.19002569238305
2533  5.19007984472645
2534  5.19013396930581
2535  5.19018806608735
2536  5.19024213512661
2537  5.19029617644845
2538  5.19035019007714
2539  5.19040417602739
2540  5.19045813434699
2541  5.19051206445510
2542  5.19056596762460
2543  5.19061984316904
2544  5.19067369106933
2545  5.19072751143258
2546  5.19078130431466
2547  5.19083506968910
2548  5.19088880761093
2549  5.19094251821256
2550  5.19099620130290
2551  5.19104985701484
2552  5.19110348537350
2553  5.19115708640301
2554  5.19121066013465
2555  5.19126420658299
2556  5.19131772577498
2557  5.19137121773640
2558  5.19142468248920
2559  5.19147812006468
2560  5.19153153048347
2561  5.19158491377068
2562  5.19163826995037
2563  5.19169159904712
2564  5.19174490108531
2565  5.19179817608864
2566  5.19185142408226
2567  5.19190464509664
2568  5.19195783913616
2569  5.19201100624286
2570  5.19206414646093
2571  5.19211725977546
2572  5.19217034622114
2573  5.19222340582459
2574  5.19227643866834
2575  5.19232944466328
2576  5.19238242388998
2577  5.19243537637215
2578  5.19248829946287
2579  5.19254119766716
2580  5.19259407006605
2581  5.19264691581182
2582  5.19269973493087
2583  5.19275252744900
2584  5.19280529339006
2585  5.19285803278605
2586  5.19291074567471
2587  5.19296343202769
2588  5.19301609188642
2589  5.19306872529843
2590  5.19312133227566
2591  5.19317391284131
2592  5.19322646701919
2593  5.19327899483884
2594  5.19333149631440
2595  5.19338397145610
2596  5.19343642031341
2597  5.19348884290607
2598  5.19354123909279
2599  5.19359360921862
2600  5.19364595314386
2601  5.19369827089154
2602  5.19375056248579
2603  5.19380282794939
2604  5.19385506730545
2605  5.19390728057683
2606  5.19395946779288
2607  5.19401162896649
2608  5.19406376411140
2609  5.19411587327626
2610  5.19416795647216
2611  5.19422001373024
2612  5.19427204505721
2613  5.19432405048383
2614  5.19437603003331
2615  5.19442798372811
2616  5.19447991159093
2617  5.19453181364550
2618  5.19458368990215
2619  5.19463554040693
2620  5.19468736526336
2621  5.19473916433680
2622  5.19479093768837
2623  5.19484268536720
2624  5.19489440740446
2625  5.19494610380656
2626  5.19499777460383
2627  5.19504941981893
2628  5.19510103947406
2629  5.19515263359121
2630  5.19520420224812
2631  5.19525574541440
2632  5.19530726311009
2633  5.19535875536701
2634  5.19541022219045
2635  5.19546166344356
2636  5.19551307948340
2637  5.19556445911002
2638  5.19561582445046
2639  5.19566716409930
2640  5.19571847871276
2641  5.19576976817876
2642  5.19582103242011
2643  5.19587227141238
2644  5.19592348520125
2645  5.19597467380852
2646  5.19602583707820
2647  5.19607697515898
2648  5.19612808835369
2649  5.19617917644256
2650  5.19623023947189
2651  5.19628127748171
2652  5.19633229043923
2653  5.19638327838322
2654  5.19643424134273
2655  5.19648517933957
2656  5.19653609239182
2657  5.19658698050108
2658  5.19663784371125
2659  5.19668868204132
2660  5.19673949552098
2661  5.19679028416710
2662  5.19684104800173
2663  5.19689178704617
2664  5.19694250133015
2665  5.19699319085886
2666  5.19704385566228
2667  5.19709449576044
2668  5.19714511123023
2669  5.19719570196952
2670  5.19724626808024
2671  5.19729680957248
2672  5.19734732647485
2673  5.19739781876596
2674  5.19744828651636
2675  5.19749872973608
2676  5.19754914851815
2677  5.19759954276480
2678  5.19764991251594
2679  5.19770025792704
2680  5.19775057879840
2681  5.19780087526391
2682  5.19785114734060
2683  5.19790139505159
2684  5.19795161841870
2685  5.19800181746795
2686  5.19805199220946
2687  5.19810214266972
2688  5.19815226887004
2689  5.19820237082999
2690  5.19825244855971
2691  5.19830250211091
2692  5.19835253147605
2693  5.19840253669683
2694  5.19845251781559
2695  5.19850247478994
2696  5.19855240766965
2697  5.19860231647038
2698  5.19865220122390
2699  5.19870206194451
2700  5.19875189863590
2701  5.19880171135291
2702  5.19885150009890
2703  5.19890126488934
2704  5.19895100576271
2705  5.19900072271314
2706  5.19905041580965
2707  5.19910009271476
2708  5.19914973806667
2709  5.19919935996719
2710  5.19924895768247
2711  5.19929853159380
2712  5.19934808174960
2713  5.19939760816409
2714  5.19944711084635
2715  5.19949658982729
2716  5.19954604511649
2717  5.19959547674783
2718  5.19964488472965
2719  5.19969426908043
2720  5.19974362982620
2721  5.19979296697805
2722  5.19984228057212
2723  5.19989157061980
2724  5.19994083714156
2725  5.19999008016203
2726  5.20003929969213
2727  5.20008849575581
2728  5.20013766837352
2729  5.20018681756815
2730  5.20023594335216
2731  5.20028504581519
2732  5.20033412483375
2733  5.20038318052106
2734  5.20043221287729
2735  5.20048122192489
2736  5.20053020768516
2737  5.20057917017645
2738  5.20062810942368
2739  5.20067702542956
2740  5.20072591820964
2741  5.20077478775768
2742  5.20082363411477
2743  5.20087245733358
2744  5.20092125742470
2745  5.20097003439982
2746  5.20101878828134
2747  5.20106751908991
2748  5.20111622685273
2749  5.20116491172724
2750  5.20121357343221
2751  5.20126221214153
2752  5.20131082787322
2753  5.20135942063429
2754  5.20140799047981
2755  5.20145653739852
2756  5.20150506141778
2757  5.20155356256305
2758  5.20160204413886
2759  5.20165049957291
2760  5.20169893218350
2761  5.20174734202846
2762  5.20179572905084
2763  5.20184409329476
2764  5.20189243480413
2765  5.20194075364158
2766  5.20198904966956
2767  5.20203732305322
2768  5.20208116469566
2769  5.20212737890452
2770  5.20217558198920
2771  5.20222376245016
2772  5.20227192029956
2773  5.20232005558146
2774  5.20236816829371
2775  5.20241625848688
2776  5.20246432615176
2777  5.20251237131571
2778  5.20256039399710
2779  5.20260839421435
2780  5.20265637262391
2781  5.20270432799208
2782  5.20275226093702
2783  5.20280017148527
2784  5.20284805964528
2785  5.20289592544787
2786  5.20294376892475
2787  5.20299159009117
2788  5.20303938896126
2789  5.20308716556164
2790  5.20313491989311
2791  5.20318265198503
2792  5.20323036185680
2793  5.20327804952105
2794  5.20332571499957
2795  5.20337335831203
2796  5.20342097947100
2797  5.20346857850213
2798  5.20351615542699
2799  5.20356371025870
2800  5.20361124302136
2801  5.20365875372611
2802  5.20370624239016
2803  5.20375370904007
2804  5.20380115367868
2805  5.20384857632553
2806  5.20389597702814
2807  5.20394335576286
2808  5.20399071256588
2809  5.20403804745105
2810  5.20408536045289
2811  5.20413265156915
2812  5.20417992082150
2813  5.20422716823664
2814  5.20427439382402
2815  5.20432159760975
2816  5.20436877960770
2817  5.20441593982643
2818  5.20446307833310
2819  5.20451019507016
2820  5.20455729009554
2821  5.20460436341772
2822  5.20465141505866
2823  5.20469844504010
2824  5.20474545337988
2825  5.20479244008783
2826  5.20483940518148
2827  5.20488634867171
2828  5.20493327060162
2829  5.20498017097132
2830  5.20502704986418
2831  5.20507390717976
2832  5.20512074298353
2833  5.20516755730392
2834  5.20521435015131
2835  5.20526112154720
2836  5.20530787152597
2837  5.20535460007925
2838  5.20540130723228
2839  5.20544799298212
2840  5.20549465738117
2841  5.20554130043492
2842  5.20558792214757
2843  5.20563452255599
2844  5.20568110166097
2845  5.20572765949190
2846  5.20577419605796
2847  5.20582071138125
2848  5.20586720547822
2849  5.20591367835387
2850  5.20596013005412
2851  5.20600656057512
2852  5.20605296994660
2853  5.20609935816999
2854  5.20614572527011
2855  5.20619207126441
2856  5.20623839616577
2857  5.20628470000626
2858  5.20633098278345
2859  5.20637724453108
2860  5.20642348524981
2861  5.20646970495236
2862  5.20651590367992
2863  5.20656208146788
2864  5.20660823827760
2865  5.20665437414555
2866  5.20670048915278
2867  5.20674658360303
2868  5.20679265676342
2869  5.20683870905484
2870  5.20688474049449
2871  5.20693075109396
2872  5.20697674087954
2873  5.20702270986323
2874  5.20706865806916
2875  5.20711458552766
2876  5.20716049220592
2877  5.20720637814892
2878  5.20725224337320
2879  5.20729808790358
2880  5.20734391174137
2881  5.20738971491733
2882  5.20743549743441
2883  5.20748125930298
2884  5.20752700056510
2885  5.20757272122447
2886  5.20761842130577
2887  5.20766410080971
2888  5.20770975976838
2889  5.20775539818243
2890  5.20780101607696
2891  5.20784661359514
2892  5.20789219049865
2893  5.20793774692606
2894  5.20798328290270
2895  5.20802879844944
2896  5.20807429356595
2897  5.20811976827656
2898  5.20816522259783
2899  5.20821065654612
2900  5.20825607014423
2901  5.20830146339490
2902  5.20834683632617
2903  5.20839218894567
2904  5.20843752127073
2905  5.20848283330781
2906  5.20852812509654
2907  5.20857339664883
2908  5.20861864796511
2909  5.20866387907063
2910  5.20870908998741
2911  5.20875428071695
2912  5.20879945128235
2913  5.20884460170004
2914  5.20888973198625
2915  5.20893484215137
2916  5.20897993222124
2917  5.20902500221451
2918  5.20907005213199
2919  5.20911508199771
2920  5.20916009182925
2921  5.20920508164002
2922  5.20925003660779
2923  5.20929496109779
2924  5.20933986557228
2925  5.20938475003016
2926  5.20942961449548
2927  5.20947445898436
2928  5.20951928349927
2929  5.20956408808830
2930  5.20960887273991
2931  5.20965363747870
2932  5.20969838232669
2933  5.20974310734363
2934  5.20978781246545
2935  5.20983249770461
2936  5.20987716311483
2937  5.20992180870087
2938  5.20996643446791
2939  5.21001104046586
2940  5.21005562668379
2941  5.21010019314323
2942  5.21014473986079
2943  5.21018926685127
2944  5.21023377394318
2945  5.21027826148075
2946  5.21032272938987
2947  5.21036717762615
2948  5.21041160621295
2949  5.21045601516579
2950  5.21050040448740
2951  5.21054477402533
2952  5.21058912416734
2953  5.21063345473695
2954  5.21067776575643
2955  5.21072205722611
2956  5.21076632916815
2957  5.21081058159842
2958  5.21085481453854
2959  5.21089902799342
2960  5.21094322196736
2961  5.21098739644472
2962  5.21103155130201
2963  5.21107568674672
2964  5.21111980279451
2965  5.21116389958686
2966  5.21120797689173
2967  5.21125203483713
2968  5.21129607345331
2969  5.21134009273966
2970  5.21138409570952
2971  5.21142807734437
2972  5.21147203875497
2973  5.21151598089834
2974  5.21155990379965
2975  5.21160380746801
2976  5.21164769192678
2977  5.21169155717481
2978  5.21173540323574
2979  5.21177923012385
2980  5.21182303787663
2981  5.21186682647106
2982  5.21191059596028
2983  5.21195434630057
2984  5.21199807754667
2985  5.21204178970884
2986  5.21208548280244
2987  5.21212915684185
2988  5.21217281184845
2989  5.21221644782247
2990  5.21226006478581
2991  5.21230366275851
2992  5.21234724174026
2993  5.21239080175487
2994  5.21243434284877
2995  5.21247786497403
2996  5.21252136817293
2997  5.21256485246775
2998  5.21260831787688
2999  5.21265176439927
3000  5.21269519205673
3001  5.21273860086466
3002  5.21278199063936
3003  5.21282536179830
3004  5.21286871414280
3005  5.21291204770240
3006  5.21295536246550
3007  5.21299865847384
3008  5.21304193573150
3009  5.21308519425419
3010  5.21312843406269
3011  5.21317165516098
3012  5.21321485756632
3013  5.21325804125513
3014  5.21330120650036
3015  5.21334435297595
3016  5.21338747683875
3017  5.21343058600084
3018  5.21347367656506
3019  5.21351674851764
3020  5.21355980191084
3021  5.21360283673525
3022  5.21364585301096
3023  5.21368885075270
3024  5.21373182997347
3025  5.21377479069179
3026  5.21381773268894
3027  5.21386065618403
3028  5.21390356121546
3029  5.21394644777072
3030  5.21398931589530
3031  5.21403216559042
3032  5.21407499711533
3033  5.21411781000202
3034  5.21416060449354
3035  5.21420338061308
3036  5.21424613763458
3037  5.21428887680779
3038  5.21433159789086
3039  5.21437430065791
3040  5.21441698518143
3041  5.21445965136279
3042  5.21450229924934
3043  5.21454492892477
3044  5.21458754031344
3045  5.21463013346850
3046  5.21467270840343
3047  5.21471526513239
3048  5.21475780367622
3049  5.21480032403345
3050  5.21484282622523
3051  5.21488531027433
3052  5.21492777616526
3053  5.21497022394473
3054  5.21501265361424
3055  5.21505506521101
3056  5.21509745871768
3057  5.21513983413902
3058  5.21518219151311
3059  5.21522453083748
3060  5.21526685213455
3061  5.21530915541654
3062  5.21535144069701
3063  5.21539370799806
3064  5.21543595742889
3065  5.21547818877831
3066  5.21552040219535
3067  5.21556259767442
3068  5.21560477523454
3069  5.21564693488715
3070  5.21568907664756
3071  5.21573120053636
3072  5.21577330655080
3073  5.21581539471371
3074  5.21585746504519
3075  5.21589951754231
3076  5.21594155221493
3077  5.21598356910116
3078  5.21602556826213
3079  5.21606754959835
3080  5.21610951316793
3081  5.21615145899929
3082  5.21619338709020
3083  5.21623529746248
3084  5.21627719012936
3085  5.21631906510375
3086  5.21636092240582
3087  5.21640276203449
3088  5.21644458401076
3089  5.21648638834158
3090  5.21652817505086
3091  5.21656994414727
3092  5.21661169564243
3093  5.21665342955162
3094  5.21669514580124
3095  5.21673684466834
3096  5.21677852589429
3097  5.21682018959312
3098  5.21686183576264
3099  5.21690346441439
3100  5.21694507557692
3101  5.21698666925973
3102  5.21702824183312
3103  5.21706978186319
3104  5.21711130447686
3105  5.21715280967212
3106  5.21719429749978
3107  5.21723576791042
3108  5.21727722094866
3109  5.21731865663509
3110  5.21736007496628
3111  5.21740147596447
3112  5.21744285964877
3113  5.21748422600553
3114  5.21752557430162
3115  5.21756690608528
3116  5.21760822059834
3117  5.21764951786249
3118  5.21769079765753
3119  5.21773206009380
3120  5.21777330519657
3121  5.21781453309632
3122  5.21785574381221
3123  5.21789693734479
3124  5.21793811373300
3125  5.21797927298248
3126  5.21802041509209
3127  5.21806154008701
3128  5.21810264797078
3129  5.21814373875839
3130  5.21818481246385
3131  5.21822586910087
3132  5.21826690868004
3133  5.21830794370664
3134  5.21834894921274
3135  5.21838993770707
3136  5.21843090918767
3137  5.21847186366202
3138  5.21851280116676
3139  5.21855372170372
3140  5.21859462529026
3141  5.21863551192563
3142  5.21867638163040
3143  5.21871723442296
3144  5.21875807030107
3145  5.21879888928499
3146  5.21883969138685
3147  5.21888047660659
3148  5.21892124499008
3149  5.21896199652149
3150  5.21900273128116
3151  5.21904344916739
3152  5.21908415023824
3153  5.21912483451320
3154  5.21916550200550
3155  5.21920615272701
3156  5.21924678669741
3157  5.21928740391465
3158  5.21932800439774
3159  5.21936858816702
3160  5.21940915521936
3161  5.21944970556184
3162  5.21949023923106
3163  5.21953076487305
3164  5.21957126521838
3165  5.21961174890795
3166  5.21965221596038
3167  5.21969266705623
3168  5.21973310087272
3169  5.21977351811307
3170  5.21981391875005
3171  5.21985430278977
3172  5.21989467028506
3173  5.21993502124518
3174  5.21997535564748
3175  5.22001567351816
3176  5.22005597462377
3177  5.22009625947151
3178  5.22013652782865
3179  5.22017677970499
3180  5.22021701512040
3181  5.22025723407280
3182  5.22029743662045
3183  5.22033762269728
3184  5.22037779235350
3185  5.22041794558886
3186  5.22045808256233
3187  5.22049820302883
3188  5.22053830713029
3189  5.22057839486429
3190  5.22061846631787
3191  5.22065852136530
3192  5.22069856008824
3193  5.22073858249699
3194  5.22077858860549
3195  5.22081857838884
3196  5.22085855191236
3197  5.22089850918662
3198  5.22093845034518
3199  5.22097837512236
3200  5.22101828366834
3201  5.22105817599475
3202  5.22109805211276
3203  5.22113791202326
3204  5.22117775576322
3205  5.22121758332946
3206  5.22125739448752
3207  5.22129718974344
3208  5.22133696886235
3209  5.22137671915707
3210  5.22141646601944
3211  5.22145619679693
3212  5.22149591150529
3213  5.22153561010659
3214  5.22157529264793
3215  5.22161495912414
3216  5.22165460955560
3217  5.22169424395434
3218  5.22173386233158
3219  5.22177346470432
3220  5.22181305106210
3221  5.22185262144237
3222  5.22189217585118
3223  5.22193171428876
3224  5.22197123677289
3225  5.22201074302590
3226  5.22205023317300
3227  5.22208971247382
3228  5.22212917078086
3229  5.22216861318256
3230  5.22220803969823
3231  5.22224745032532
3232  5.22228684508245
3233  5.22232622398185
3234  5.22236558704576
3235  5.22240493606519
3236  5.22244426745681
3237  5.22248358303330
3238  5.22252288281584
3239  5.22256216679754
3240  5.22260143499908
3241  5.22264068743160
3242  5.22267992410762
3243  5.22271914503742
3244  5.22275835024089
3245  5.22279753970059
3246  5.22283671346847
3247  5.22287587156009
3248  5.22291501393037
3249  5.22295414062161
3250  5.22299325164562
3251  5.22303234701284
3252  5.22307142674279
3253  5.22311049083088
3254  5.22314953930413
3255  5.22318857215749
3256  5.22322758940736
3257  5.22326659106780
3258  5.22330557714835
3259  5.22334454764897
3260  5.22338350261396
3261  5.22342244202536
3262  5.22346136590219
3263  5.22350027426369
3264  5.22353916716593
3265  5.22357804450500
3266  5.22361690635355
3267  5.22365575272230
3268  5.22369458363069
3269  5.22373339907393
3270  5.22377219905808
3271  5.22381098362614
3272  5.22384975271288
3273  5.22388850643396
3274  5.22392724475274
3275  5.22396596767874
3276  5.22400467523060
3277  5.22404336740454
3278  5.22408204421906
3279  5.22412070569228
3280  5.22415935181957
3281  5.22419798261934
3282  5.22423659810338
3283  5.22427519828100
3284  5.22431378315839
3285  5.22435235275686
3286  5.22439090708269
3287  5.22442944686665
3288  5.22446797067767
3289  5.22450647924691
3290  5.22454497258548
3291  5.22458345070518
3292  5.22462191362264
3293  5.22466036133370
3294  5.22469879385825
3295  5.22473721120064
3296  5.22477561338106
3297  5.22481400040599
3298  5.22485237228583
3299  5.22489072903031
3300  5.22492907007439
3301  5.22496739661447
3302  5.22500570801985
3303  5.22504400433982
3304  5.22508228556999
3305  5.22512055177624
3306  5.22515880289003
3307  5.22519703893875
3308  5.22523525994836
3309  5.22527346592749
3310  5.22531165688576
3311  5.22534983283998
3312  5.22538799380340
3313  5.22542613980536
3314  5.22546427079837
3315  5.22550238682547
3316  5.22554048789570
3317  5.22557857402781
3318  5.22561664521770
3319  5.22565470148379
3320  5.22569274283097
3321  5.22573076927888
3322  5.22576878083330
3323  5.22580677762484
3324  5.22584475942408
3325  5.22588272636856
3326  5.22592067845326
3327  5.22595861569699
3328  5.22599653811666
3329  5.22603444570743
3330  5.22607233848759
3331  5.22611021646667
3332  5.22614807965573
3333  5.22618592807275
3334  5.22622376171285
3335  5.22626158058167
3336  5.22629938472126
3337  5.22634493718867
3338  5.22638271415588
3339  5.22642047646474
3340  5.22645822406587
3341  5.22649595696903
3342  5.22653367519148
3343  5.22657137872781
3344  5.22660906759597
3345  5.22664674180219
3346  5.22668440136632
3347  5.22672204629339
3348  5.22675967659299
3349  5.22679729227569
3350  5.22683489335859
3351  5.22687247983639
3352  5.22691005172801
3353  5.22694760905017
3354  5.22698515158544
3355  5.22702267977546
3356  5.22706019341981
3357  5.22709769252736
3358  5.22713517711540
3359  5.22717264717938
3360  5.22721010272647
3361  5.22724754379061
3362  5.22728497036369
3363  5.22732238248533
3364  5.22735978011498
3365  5.22739716342499
3366  5.22743453215145
3367  5.22747188644869
3368  5.22750922633557
3369  5.22754655178762
3370  5.22758386283305
3371  5.22762115946046
3372  5.22765844171308
3373  5.22769570953983
3374  5.22773296296555
3375  5.22777020204602
3376  5.22780742677664
3377  5.22784463717374
3378  5.22788183394371
3379  5.22791901570400
3380  5.22795618316090
3381  5.22799333635706
3382  5.22803047528353
3383  5.22806760033810
3384  5.22810471067978
3385  5.22814180676611
3386  5.22817888860161
3387  5.22821595620705
3388  5.22825300958674
3389  5.22829004875165
3390  5.22832707371069
3391  5.22836408447207
3392  5.22840108105478
3393  5.22843806345237
3394  5.22847503168315
3395  5.22851198576312
3396  5.22854892568741
3397  5.22858585146104
3398  5.22862276314357
3399  5.22865966068126
3400  5.22869654359380
3401  5.22873341275239
3402  5.22877026798915
3403  5.22880710915128
3404  5.22884393623553
3405  5.22888074921945
3406  5.22891754809918
3407  5.22895433293042
3408  5.22899110351367
3409  5.22902786028535
3410  5.22906460302897
3411  5.22910133176345
3412  5.22913804649132
3413  5.22917474723412
3414  5.22921142972574
3415  5.22924810251362
3416  5.22928476133921
3417  5.22932140621726
3418  5.22935803714278
3419  5.22939465413493
3420  5.22943125720984
3421  5.22946784636072
3422  5.22950442160461
3423  5.22954098294106
3424  5.22957753040158
3425  5.22961406404883
3426  5.22965058377151
3427  5.22968708962689
3428  5.22972358163281
3429  5.22976005980583
3430  5.22979652414021
3431  5.22983297465227
3432  5.22986941135119
3433  5.22990583423969
3434  5.22994224334972
3435  5.22997863866766
3436  5.23001502021087
3437  5.23005138799484
3438  5.23008774203809
3439  5.23012408230760
3440  5.23016040884111
3441  5.23019672164512
3442  5.23023302072905
3443  5.23026930611124
3444  5.23030557778353
3445  5.23034183576360
3446  5.23037808006879
3447  5.23041431069153
3448  5.23045052765026
3449  5.23048673107810
3450  5.23052292076704
3451  5.23055909679328
3452  5.23059525918403
3453  5.23063140795685
3454  5.23066754312606
3455  5.23070366468822
3456  5.23073977265778
3457  5.23077586704530
3458  5.23081194781073
3459  5.23084801505940
3460  5.23088406876099
3461  5.23092010890874
3462  5.23095613551882
3463  5.23099214860874
3464  5.23102814817149
3465  5.23106413421160
3466  5.23110010676226
3467  5.23113606582116
3468  5.23117201140467
3469  5.23120794350642
3470  5.23124386214307
3471  5.23127976732385
3472  5.23131565906624
3473  5.23135153736282
3474  5.23138740223068
3475  5.23142325366569
3476  5.23145909170177
3477  5.23149491634232
3478  5.23153072758174
3479  5.23156652543686
3480  5.23160230992250
3481  5.23163808103497
3482  5.23167383878786
3483  5.23170958319164
3484  5.23174531425560
3485  5.23178103198850
3486  5.23181673640568
3487  5.23185242750221
3488  5.23188810529304
3489  5.23192376979534
3490  5.23195942100222
3491  5.23199505891904
3492  5.23203068357851
3493  5.23206629497671
3494  5.23210189313043
3495  5.23213747803242
3496  5.23217304970055
3497  5.23220860814198
3498  5.23224415337283
3499  5.23227968538948
3500  5.23231520420518
3501  5.23235070983048
3502  5.23238620226031
3503  5.23242168153613
3504  5.23245714764011
3505  5.23249260065133
3506  5.23252804045898
3507  5.23256346712135
3508  5.23259888068618
3509  5.23263428109577
3510  5.23266966839292
3511  5.23270504258528
3512  5.23274040368978
3513  5.23277575169905
3514  5.23281108663049
3515  5.23284640849970
3516  5.23288171729916
3517  5.23291701304750
3518  5.23295229573923
3519  5.23298756540745
3520  5.23302282208740
3521  5.23305806571231
3522  5.23309329632576
3523  5.23312851393750
3524  5.23316371856348
3525  5.23319891019869
3526  5.23323408885767
3527  5.23326925454920
3528  5.23330440728300
3529  5.23333954706037
3530  5.23337467390126
3531  5.23340978780863
3532  5.23344488879783
3533  5.23347997686635
3534  5.23351505232117
3535  5.23355011458132
3536  5.23358516394938
3537  5.23362020043481
3538  5.23365522405306
3539  5.23369023479526
3540  5.23372523266395
3541  5.23376021769009
3542  5.23379518986849
3543  5.23383014921430
3544  5.23386509573655
3545  5.23390002937920
3546  5.23393495027836
3547  5.23396985838556
3548  5.23400475369534
3549  5.23403963628760
3550  5.23407450604988
3551  5.23410936303908
3552  5.23414420729496
3553  5.23417903877684
3554  5.23421385751913
3555  5.23424866352884
3556  5.23428345680842
3557  5.23431823737774
3558  5.23435300523962
3559  5.23438776040971
3560  5.23442250288214
3561  5.23445723267174
3562  5.23449194978688
3563  5.23452665423625
3564  5.23456134603353
3565  5.23459602497156
3566  5.23463069147121
3567  5.23466534533673
3568  5.23469998658569
3569  5.23473461520878
3570  5.23476923122406
3571  5.23480383463785
3572  5.23483842544702
3573  5.23487300369164
3574  5.23490756935322
3575  5.23494212244558
3576  5.23497666297918
3577  5.23501119096739
3578  5.23504570640556
3579  5.23508020930702
3580  5.23511469971508
3581  5.23514917790400
3582  5.23518364336300
3583  5.23521809619139
3584  5.23525253655652
3585  5.23528696442102
3586  5.23532137980664
3587  5.23535578271398
3588  5.23539017315847
3589  5.23542455114473
3590  5.23545891668809
3591  5.23549326979971
3592  5.23552761050603
3593  5.23556193875597
3594  5.23559625459554
3595  5.23563055802457
3596  5.23566484905311
3597  5.23569912768565
3598  5.23573339393602
3599  5.23576764781069
3600  5.23580188931346
3601  5.23583611846278
3602  5.23587033526028
3603  5.23590453972247
3604  5.23593873184128
3605  5.23597291163309
3606  5.23600707910429
3607  5.23604123426519
3608  5.23607537712198
3609  5.23610950769044
3610  5.23614362595096
3611  5.23617773194462
3612  5.23621182567081
3613  5.23624590712007
3614  5.23627997631268
3615  5.23631403325652
3616  5.23634807796060
3617  5.23638211043073
3618  5.23641613068307
3619  5.23645013871025
3620  5.23648413452815
3621  5.23651811815132
3622  5.23655208957309
3623  5.23658604880957
3624  5.23661999586672
3625  5.23665393075447
3626  5.23668785347852
3627  5.23672176404295
3628  5.23675566266390
3629  5.23678954915169
3630  5.23682342330933
3631  5.23685728533571
3632  5.23689113530843
3633  5.23692497310473
3634  5.23695879880054
3635  5.23699261240232
3636  5.23702641392670
3637  5.23706020336434
3638  5.23709398072004
3639  5.23712774603250
3640  5.23716149928311
3641  5.23719524048575
3642  5.23722896964952
3643  5.23726268678142
3644  5.23729639188876
3645  5.23733008498787
3646  5.23736376606955
3647  5.23739743515008
3648  5.23743109224224
3649  5.23746473734341
3650  5.23749837046431
3651  5.23753199161478
3652  5.23756560080113
3653  5.23759919806590
3654  5.23763278335686
3655  5.23766635668629
3656  5.23769991809518
3657  5.23773346757765
3658  5.23776700514968
3659  5.23780053080381
3660  5.23783404455426
3661  5.23786754641040
3662  5.23790103637706
3663  5.23793451447084
3664  5.23796798068533
3665  5.23800143504696
3666  5.23803487754499
3667  5.23806830846323
3668  5.23810172726019
3669  5.23813513422065
3670  5.23816852935372
3671  5.23820191266638
3672  5.23823528417352
3673  5.23826864386742
3674  5.23830199176285
3675  5.23833532786655
3676  5.23836865219452
3677  5.23840196473815
3678  5.23843526557772
3679  5.23846855459187
3680  5.23850183240377
3681  5.23853509747476
3682  5.23856835124907
3683  5.23860159327817
3684  5.23863482359627
3685  5.23866804220488
3686  5.23870124909518
3687  5.23873444428457
3688  5.23876762784410
3689  5.23880079967132
3690  5.23883395979712
3691  5.23886710825696
3692  5.23890024504357
3693  5.23893337015796
3694  5.23896648364172
3695  5.23899958547514
3696  5.23903267567132
3697  5.23906575423856
3698  5.23909882118312
3699  5.23913187651349
3700  5.23916492024315
3701  5.23919795236560
3702  5.23923097289552
3703  5.23926398184583
3704  5.23929697921178
3705  5.23932996500482
3706  5.23936293923534
3707  5.23939590190731
3708  5.23942885303075
3709  5.23946179261849
3710  5.23949472066294
3711  5.23952763716678
3712  5.23956054216899
3713  5.23959343565373
3714  5.23962631762881
3715  5.23965918810574
3716  5.23969204708970
3717  5.23972489458954
3718  5.23975773061833
3719  5.23979055531022
3720  5.23982336839708
3721  5.23985617002742
3722  5.23988896020231
3723  5.23992173893913
3724  5.23995450624245
3725  5.23998726211660
3726  5.24002000656964
3727  5.24005273961692
3728  5.24008546128284
3729  5.24011817151634
3730  5.24015087035718
3731  5.24018355781826
3732  5.24021623389473
3733  5.24024889859914
3734  5.24028155188859
3735  5.24031419387125
3736  5.24034682450288
3737  5.24037944379897
3738  5.24041205175050
3739  5.24044464837257
3740  5.24047723370185
3741  5.24050980770576
3742  5.24054237038910
3743  5.24057492148224
3744  5.24060746156329
3745  5.24063999035724
3746  5.24067250787658
3747  5.24070501411658
3748  5.24073750908985
3749  5.24076999280379
3750  5.24080246525957
3751  5.24083492647433
3752  5.24086737645143
3753  5.24089981518259
3754  5.24093224271410
3755  5.24096465902289
3756  5.24099706411397
3757  5.24102945800064
3758  5.24106184068993
3759  5.24109421219648
3760  5.24112657251174
3761  5.24115892164901
3762  5.24119125961677
3763  5.24122358648805
3764  5.24125590213762
3765  5.24128820664504
3766  5.24132049999846
3767  5.24135278222036
3768  5.24138505330778
3769  5.24141731327952
3770  5.24144956213653
3771  5.24148179988485
3772  5.24151402653273
3773  5.24154624211215
3774  5.24157844658420
3775  5.24161063996858
3776  5.24164282227777
3777  5.24167499352086
3778  5.24170715370939
3779  5.24173930282352
3780  5.24177144090428
3781  5.24180356794424
3782  5.24183568395056
3783  5.24186778893863
3784  5.24189988289899
3785  5.24193196584467
3786  5.24196403778409
3787  5.24199609873096
3788  5.24202814867723
3789  5.24206017335285
3790  5.24209220132981
3791  5.24212421833392
3792  5.24215622437138
3793  5.24218821945775
3794  5.24222020358360
3795  5.24225217676333
3796  5.24228413900957
3797  5.24231609030338
3798  5.24234803068247
3799  5.24237996014303
3800  5.24241187868978
3801  5.24244378633140
3802  5.24247568307883
3803  5.24250756892671
3804  5.24253944392188
3805  5.24257130800315
3806  5.24260316121829
3807  5.24263500354684
3808  5.24266683502816
3809  5.24269865565566
3810  5.24273046548637
3811  5.24276226444304
3812  5.24279405255749
3813  5.24282582983671
3814  5.24285759629526
3815  5.24288935172150
3816  5.24292109658414
3817  5.24295283062941
3818  5.24298455387133
3819  5.24301626632644
3820  5.24304796799873
3821  5.24307965890436
3822  5.24311133903485
3823  5.24314300840365
3824  5.24317466701579
3825  5.24320631488713
3826  5.24323795199674
3827  5.24326957838350
3828  5.24330119403979
3829  5.24333279897311
3830  5.24336439319016
3831  5.24339597670469
3832  5.24342754950875
3833  5.24345911156304
3834  5.24349066298802
3835  5.24352220372068
3836  5.24355373376625
3837  5.24358525314857
3838  5.24361676186826
3839  5.24364825992974
3840  5.24367974734786
3841  5.24371122411207
3842  5.24374269023747
3843  5.24377414572976
3844  5.24380559060477
3845  5.24383702498515
3846  5.24386844861768
3847  5.24389986164477
3848  5.24393126407081
3849  5.24396265590268
3850  5.24399403715324
3851  5.24402540760870
3852  5.24405676762811
3853  5.24408811715221
3854  5.24411945610912
3855  5.24415078449943
3856  5.24418210234462
3857  5.24421340965017
3858  5.24423411827542
3859  5.24426699441716
3860  5.24429826775270
3861  5.24432953057886
3862  5.24436078289340
3863  5.24439202470871
3864  5.24442325601741
3865  5.24445447683324
3866  5.24448568714938
3867  5.24451688699795
3868  5.24454807637150
3869  5.24457925528448
3870  5.24461042372963
3871  5.24464158149462
3872  5.24467272903358
3873  5.24470386613829
3874  5.24473499279946
3875  5.24476610902937
3876  5.24479721483534
3877  5.24482831022357
3878  5.24485939520720
3879  5.24489046977764
3880  5.24492153394716
3881  5.24495258772444
3882  5.24498363115566
3883  5.24501466416537
3884  5.24504568680002
3885  5.24507669905199
3886  5.24510770095528
3887  5.24513869250226
3888  5.24516967370582
3889  5.24520064455965
3890  5.24523160507459
3891  5.24526255525830
3892  5.24529349512438
3893  5.24532442466372
3894  5.24535534392325
3895  5.24538625282987
3896  5.24541715144860
3897  5.24544803977172
3898  5.24547891786423
3899  5.24550978563180
3900  5.24554064310804
3901  5.24557149031381
3902  5.24560232726212
3903  5.24563315394557
3904  5.24566397037715
3905  5.24569477656110
3906  5.24572557250547
3907  5.24575635822365
3908  5.24578713370573
3909  5.24581789875367
3910  5.24584865372990
3911  5.24587939857270
3912  5.24591013320459
3913  5.24594085763876
3914  5.24597157199229
3915  5.24600227607022
3916  5.24603296994583
3917  5.24606365365551
3918  5.24609432718886
3919  5.24612499056140
3920  5.24615564377917
3921  5.24618628685439
3922  5.24621691977874
3923  5.24624754256377
3924  5.24627815521850
3925  5.24630875773413
3926  5.24633935014236
3927  5.24636993244404
3928  5.24640050463202
3929  5.24643106671871
3930  5.24646161870931
3931  5.24649216061734
3932  5.24652269245343
3933  5.24655321419742
3934  5.24658372586276
3935  5.24661422746340
3936  5.24664471900249
3937  5.24667520049546
3938  5.24670567193231
3939  5.24673613332708
3940  5.24676650338212
3941  5.24679680340968
3942  5.24682709338634
3943  5.24685737332593
3944  5.24688764321539
3945  5.24691790301911
3946  5.24694815282704
3947  5.24697839262178
3948  5.24700862247808
3949  5.24703884227149
3950  5.24706905265533
3951  5.24709925266067
3952  5.24712944249655
3953  5.24715962235915
3954  5.24718979224705
3955  5.24721995216675
3956  5.24725010215070
3957  5.24728024217636
3958  5.24731037225804
3959  5.24734049240096
3960  5.24737060261921
3961  5.24740070293799
3962  5.24743079329983
3963  5.24746087376805
3964  5.24749094431230
3965  5.24753072978210
3966  5.24756029904532
3967  5.24759034225539
3968  5.24762037557546
3969  5.24765039901417
3970  5.24768041258670
3971  5.24771041628204
3972  5.24774041011430
3973  5.24777039408935
3974  5.24780036822715
3975  5.24783033249092
3976  5.24786028693333
3977  5.24789023166487
3978  5.24792016643605
3979  5.24795009138334
3980  5.24798000651166
3981  5.24800991101349
3982  5.24803980647716
3983  5.24806969214117
3984  5.24809956800943
3985  5.24812948183751
3986  5.24815978652482
3987  5.24819009480855
3988  5.24822039315630
3989  5.24825068160911
3990  5.24828096018105
3991  5.24830189835740
3992  5.24833215482983
3993  5.24836240138630
3994  5.24839263807638
3995  5.24842286490711
3996  5.24845308188881
3997  5.24848328901484
3998  5.24851348629744
3999  5.24854367374137
4000  5.24857385136110
4001  5.24860401914800
