1  0.05129329438755
2  2.03418946263950
3  2.70892710409197
4  3.09912891149134
5  3.36915496043906
6  3.57265707761285
7  3.73412299386492
8  3.86679090257291
9  3.97861775718871
10  4.07473139692124
11  4.15862589505124
12  4.23277987428809
13  4.29901043296673
14  4.35868611154575
15  4.41286105486799
16  4.46236299323864
17  4.50785265670090
18  4.54986504604224
19  4.58883889266078
20  4.62513804738305
21  4.65906716778151
22  4.69088378290138
23  4.72080725142806
24  4.74902583798724
25  4.77570215402221
26  4.80097771464941
27  4.82497602076572
28  4.84780569407327
29  4.86956259802596
30  4.89033194262012
31  4.91018935931386
32  4.92920259835743
33  4.94743244079031
34  4.96493368272895
35  4.98175554323188
36  4.99794300050642
37  5.01353681713554
38  5.02857373449320
39  5.04308786677692
40  5.05711011949053
41  5.07066892659787
42  5.08379042597741
43  5.09649871603643
44  5.10881601383206
45  5.12076290438704
46  5.13235862682770
47  5.14362048447377
48  5.15456518596974
49  5.16520801021535
50  5.17556321954826
51  5.18564420115968
52  5.19546337290861
53  5.20503217896826
54  5.21436201136315
55  5.22346292744973
56  5.23234458318449
57  5.24101606839239
58  5.24948593964473
59  5.25776226749757
60  5.26585266947712
61  5.27376439756326
62  5.28150418311137
63  5.28907851797244
64  5.29649311021623
65  5.30375442105931
66  5.31086764401155
67  5.31783801152754
68  5.32467020271563
69  5.33136932309237
70  5.33793967763067
71  5.34438538860627
72  5.35071072248616
73  5.35691955589441
74  5.36301560485591
75  5.36900241113356
76  5.37488336192536
77  5.38066170833083
78  5.38634052364985
79  5.39192274752354
80  5.39741134669345
81  5.40280891602985
82  5.40811812567341
83  5.41334148101834
84  5.41848139348412
85  5.42354017884863
86  5.42851968639648
87  5.43342279870586
88  5.43825107454059
89  5.44300656297970
90  5.44769118751438
91  5.45231177957927
92  5.45686009741679
93  5.46134285200534
94  5.46576167386703
95  5.47011845947185
96  5.47441422991905
97  5.47865054199202
98  5.48282892777342
99  5.48695078087353
100  5.49101747351070
101  5.49503024355073
102  5.49899032651629
103  5.50289892715550
104  5.50675720651511
105  5.51056630948671
106  5.51432732098793
107  5.51804128594886
108  5.52170922741260
109  5.52533213777054
110  5.52891097860699
111  5.53244668225428
112  5.53594015289771
113  5.53939226831298
114  5.54280388033433
115  5.54617543930346
116  5.54950836291159
117  5.55280332664783
118  5.55606095514079
119  5.55928198331388
120  5.56246712767846
121  5.56561708430418
122  5.56873253046160
123  5.57181412445209
124  5.57486250616705
125  5.57787829510921
126  5.58086209916625
127  5.58381451735698
128  5.58673611731112
129  5.58962788780083
130  5.59248967584052
131  5.59532213287191
132  5.59812592879722
133  5.60090161327916
134  5.60364966050174
135  5.60637053002935
136  5.60906469062795
137  5.61173259929569
138  5.61437470259910
139  5.61699143565181
140  5.61958322341908
141  5.62215048082036
142  5.62469314273075
143  5.62721237339267
144  5.62970842723797
145  5.63218151519011
146  5.63463200529920
147  5.63706025861084
148  5.63946662704306
149  5.64185145728288
150  5.64421507896473
151  5.64655782800359
152  5.64888002400663
153  5.65118198228400
154  5.65346401027650
155  5.65572640937558
156  5.65796947007876
157  5.66019348860698
158  5.66239874567722
159  5.66458551477328
160  5.66675406782789
161  5.66890441821413
162  5.67103779681784
163  5.67315311320593
164  5.67525134204827
165  5.67733272851078
166  5.67939751015060
167  5.68144536492515
168  5.68347737642087
169  5.68549332160143
170  5.68749343880475
171  5.68947797877504
172  5.69144715393991
173  5.69340117221612
174  5.69534023816647
175  5.69726455435974
176  5.69917431298084
177  5.70106970915701
178  5.70295093219213
179  5.70481816786615
180  5.70667159842297
181  5.70851140269579
182  5.71033775650542
183  5.71215083226409
184  5.71395079916903
185  5.71573698543052
186  5.71751122650095
187  5.71927284851826
188  5.72102200933879
189  5.72275886368056
190  5.72448352645363
191  5.72619611670024
192  5.72789683797745
193  5.72958583620499
194  5.73126325157003
195  5.73292922489086
196  5.73458389143228
197  5.73622738590782
198  5.73785984031456
199  5.73948138402567
200  5.74109214521803
201  5.74269224927618
202  5.74428181941004
203  5.74586097913046
204  5.74742984453631
205  5.74898853369495
206  5.75053716347405
207  5.75207584632191
208  5.75360469417848
209  5.75512381826389
210  5.75663332724798
211  5.75813332647212
212  5.75962392097297
213  5.76110521380579
214  5.76257730664235
215  5.76404029951178
216  5.76549407906589
217  5.76693893624394
218  5.76837601738840
219  5.76980343300757
220  5.77122223712937
221  5.77263257692935
222  5.77403451421637
223  5.77542813661406
224  5.77681352942832
225  5.77819077778428
226  5.77955996671911
227  5.78092117950455
228  5.78227372728600
229  5.78361895714207
230  5.78495670215807
231  5.78628655898255
232  5.78760877523548
233  5.78892345633128
234  5.79023067649738
235  5.79153051013094
236  5.79282303076514
237  5.79410831044649
238  5.79538642029906
239  5.79665743062101
240  5.79792141057698
241  5.79917842841938
242  5.80042855141671
243  5.80167184571008
244  5.80290837714887
245  5.80413821014066
246  5.80536141695315
247  5.80657804319175
248  5.80778815929344
249  5.80899182674245
250  5.81018910574607
251  5.81138005574877
252  5.81256473547292
253  5.81374320317160
254  5.81491551585576
255  5.81608172993912
256  5.81724190142457
257  5.81839608502335
258  5.81954433465940
259  5.82068670465295
260  5.82182236469584
261  5.82295281860186
262  5.82407785863651
263  5.82519722619918
264  5.82631097165703
265  5.82741914447854
266  5.82852179378738
267  5.82961896810001
268  5.83071071645614
269  5.83179708433805
270  5.83287811877168
271  5.83395380969281
272  5.83502423596311
273  5.83608946131486
274  5.83714953033541
275  5.83820448661145
276  5.83925437338852
277  5.84029923337396
278  5.84133910873865
279  5.84237405133680
280  5.84340410198948
281  5.84442929244306
282  5.84544966291289
283  5.84646521407566
284  5.84747607215968
285  5.84848221516918
286  5.84948370657017
287  5.85048054949564
288  5.85147282445975
289  5.85246054223913
290  5.85344374545114
291  5.85442247018120
292  5.85539675228948
293  5.85636662718374
294  5.85733212999595
295  5.85829329507089
296  5.85925015632916
297  5.86020274843358
298  5.86115110430635
299  5.86209525703285
300  5.86303523935328
301  5.86397108361374
302  5.86490282180866
303  5.86583048545982
304  5.86675410610288
305  5.86767371455015
306  5.86858934127171
307  5.86950101663773
308  5.87040877057456
309  5.87131259618002
310  5.87221259567668
311  5.87310876163388
312  5.87400112272578
313  5.87488970741162
314  5.87577454361329
315  5.87665565821322
316  5.87753307700121
317  5.87840682937058
318  5.87927694238725
319  5.88014344188334
320  5.88100635532464
321  5.88186570875915
322  5.88272152758068
323  5.88357383777647
324  5.88442266388324
325  5.88526803126783
326  5.88610996459678
327  5.88694848839092
328  5.88778362689599
329  5.88861540422466
330  5.88944384392871
331  5.89026896965177
332  5.89109080457147
333  5.89190937173377
334  5.89272469397332
335  5.89353679400854
336  5.89434569403755
337  5.89515141624278
338  5.89595398265687
339  5.89675341478181
340  5.89754973427017
341  5.89834296235661
342  5.89913312021869
343  5.89992022853312
344  5.90070430760230
345  5.90148538713779
346  5.90226347324395
347  5.90303858846868
348  5.90381075560710
349  5.90457999435154
350  5.90534632548587
351  5.90610976594898
352  5.90687033596896
353  5.90762805452134
354  5.90838294034411
355  5.90913501216089
356  5.90988428821276
357  5.91063078656099
358  5.91137452572025
359  5.91211552353509
360  5.91285379788062
361  5.91358936598596
362  5.91432224545154
363  5.91505245341050
364  5.91578000706451
365  5.91650492343247
366  5.91722721913029
367  5.91794690746347
368  5.91866401206211
369  5.91937854528973
370  5.92009052368211
371  5.92079996330579
372  5.92150687994945
373  5.92221128938379
374  5.92291320733896
375  5.92361264921250
376  5.92430963025104
377  5.92500416574094
378  5.92569627077093
379  5.92638596028254
380  5.92707324908568
381  5.92775815185523
382  5.92844067443961
383  5.92912086487346
384  5.92979869676410
385  5.93047419382906
386  5.93114738122736
387  5.93181827267655
388  5.93248688180191
389  5.93315318987243
390  5.93381726387441
391  5.93447908989258
392  5.93513867987370
393  5.93579605039601
394  5.93645121464392
395  5.93710418549070
396  5.93775497587994
397  5.93840359887329
398  5.93905006678224
399  5.93969439200957
400  5.94033658639486
401  5.94097666446666
402  5.94161463728677
403  5.94225051702460
404  5.94288431924948
405  5.94351605838114
406  5.94414574050047
407  5.94477337752560
408  5.94539898097356
409  5.94602256242442
410  5.94664413349821
411  5.94726370557736
412  5.94788128966142
413  5.94849689519212
414  5.94911053762831
415  5.94972222559512
416  5.95033197022289
417  5.95093978218643
418  5.95154567254710
419  5.95214965170587
420  5.95275173036053
421  5.95335191905109
422  5.95395022822193
423  5.95454666812906
424  5.95514124910166
425  5.95573398132903
426  5.95632487336584
427  5.95691393783736
428  5.95750113714368
429  5.95808657462823
430  5.95867021316008
431  5.95925206237270
432  5.95983213220007
433  5.96041043171058
434  5.96098697072324
435  5.96156175883109
436  5.96213480495705
437  5.96270611873037
438  5.96327570925210
439  5.96384358535814
440  5.96440975437540
441  5.96497422702255
442  5.96553701244977
443  5.96609811964499
444  5.96665755705167
445  5.96721533400492
446  5.96777145864946
447  5.96832593982906
448  5.96887878597905
449  5.96943000587096
450  5.96997960740388
451  5.97052759920556
452  5.97107398951513
453  5.97161878671085
454  5.97216199890125
455  5.97270363534782
456  5.97324370221099
457  5.97378220768294
458  5.97431916019749
459  5.97485456775081
460  5.97538833280871
461  5.97592053419238
462  5.97645121852410
463  5.97698039329312
464  5.97750806610334
465  5.97803424442818
466  5.97855893593175
467  5.97908214795774
468  5.97960551353852
469  5.98012635013914
470  5.98064517263848
471  5.98116254361714
472  5.98167847463296
473  5.98219296706003
474  5.98270603206893
475  5.98321767247058
476  5.98372790093172
477  5.98423672031667
478  5.98474413758320
479  5.98525016013842
480  5.98575479660511
481  5.98625805228204
482  5.98675993386155
483  5.98726044798926
484  5.98775960129449
485  5.98825740025457
486  5.98875385140823
487  5.98924896121334
488  5.98974273620985
489  5.99023518254344
490  5.99072744221842
491  5.99121611462508
492  5.99170461316070
493  5.99219180838002
494  5.99267770566410
495  5.99316231170462
496  5.99364563309167
497  5.99412767533303
498  5.99460844435239
499  5.99508794594571
500  5.99556618648528
501  5.99604317270219
502  5.99651890816736
503  5.99699340000940
504  5.99746665369632
505  5.99793867511760
506  5.99840946996281
507  5.99887904061765
508  5.99934739809223
509  5.99981454664061
510  6.00028049116803
511  6.00074523665940
512  6.00120878913559
513  6.00167115380068
514  6.00212993272393
515  6.00258993326256
516  6.00304876175175
517  6.00350642356477
518  6.00396292409703
519  6.00441826849964
520  6.00487246206251
521  6.00532550887058
522  6.00577741579271
523  6.00622818759205
524  6.00667772951911
525  6.00712610006595
526  6.00757334604044
527  6.00801947254402
528  6.00846448421093
529  6.00890838595622
530  6.00935118276745
531  6.00979287957518
532  6.01023348106325
533  6.01067299211850
534  6.01111141744686
535  6.01154876155806
536  6.01198502958041
537  6.01242022594389
538  6.01285435532437
539  6.01328742233432
540  6.01371943198866
541  6.01415038797323
542  6.01458029524477
543  6.01500915690238
544  6.01543697975876
545  6.01586376779065
546  6.01628952491249
547  6.01671425553574
548  6.01713796392752
549  6.01756065464916
550  6.01798233184275
551  6.01840299989342
552  6.01882266292694
553  6.01924132525906
554  6.01965899106511
555  6.02007566454080
556  6.02049134982915
557  6.02090605107401
558  6.02131977247629
559  6.02173251793081
560  6.02214429154083
561  6.02255509744626
562  6.02296493956286
563  6.02337382203587
564  6.02378174865620
565  6.02418872300492
566  6.02459474981423
567  6.02499983249952
568  6.02540397512134
569  6.02580718132288
570  6.02620945503623
571  6.02661079995128
572  6.02701122006327
573  6.02741071903348
574  6.02780930051544
575  6.02820696823665
576  6.02860372597553
577  6.02899957743305
578  6.02939452614132
579  6.02978857579197
580  6.03018173126687
581  6.03057399343733
582  6.03096536721547
583  6.03135585652137
584  6.03174546463526
585  6.03213419507067
586  6.03252205133874
587  6.03290903679526
588  6.03329515495740
589  6.03368040925515
590  6.03406480309929
591  6.03444833988055
592  6.03483102297022
593  6.03521285574517
594  6.03559384148891
595  6.03597398357021
596  6.03635328521734
597  6.03673174975189
598  6.03710938044028
599  6.03748618079696
600  6.03786215357057
601  6.03823730214059
602  6.03861162959301
603  6.03898513933103
604  6.03935783443362
605  6.03972971835088
606  6.04010079330040
607  6.04047106306528
608  6.04084053114160
609  6.04120919901488
610  6.04157707157607
611  6.04194415091551
612  6.04231044022209
613  6.04267594074725
614  6.04304066212694
615  6.04340459829694
616  6.04376775687889
617  6.04413014094034
618  6.04449175339102
619  6.04485259096244
620  6.04520975628981
621  6.04556906406040
622  6.04592761066240
623  6.04628539937780
624  6.04664243310568
625  6.04699871452268
626  6.04735424652052
627  6.04770903479520
628  6.04806307716331
629  6.04841637745360
630  6.04876893935508
631  6.04912076563047
632  6.04947185888498
633  6.04982222200237
634  6.05017185744776
635  6.05052076800394
636  6.05086895628877
637  6.05121642511632
638  6.05156317695566
639  6.05190921436942
640  6.05225454001744
641  6.05259915650719
642  6.05294306641245
643  6.05328627218561
644  6.05362877659442
645  6.05397058205902
646  6.05431168997942
647  6.05465210462987
648  6.05499182833064
649  6.05533087144587
650  6.05566921975187
651  6.05600688400550
652  6.05634386668228
653  6.05668017022416
654  6.05701579705047
655  6.05735074957031
656  6.05768500609547
657  6.05801856447335
658  6.05835145500032
659  6.05868367983493
660  6.05901524147500
661  6.05934614227471
662  6.05967638457643
663  6.06000597054264
664  6.06033490276414
665  6.06066317777911
666  6.06099071909605
667  6.06131760666552
668  6.06164385082080
669  6.06196945380042
670  6.06229441786918
671  6.06261874519250
672  6.06294243275457
673  6.06326549321203
674  6.06358792341271
675  6.06390972573414
676  6.06423090224513
677  6.06455150488870
678  6.06487145345440
679  6.06519076565025
680  6.06550946042908
681  6.06582754003400
682  6.06614500658165
683  6.06646186218446
684  6.06678052006751
685  6.06709697199530
686  6.06741201186214
687  6.06772644901333
688  6.06804028534346
689  6.06835352302461
690  6.06866616407783
691  6.06897821054988
692  6.06928966442293
693  6.06960052761147
694  6.06991080215273
695  6.07022048995273
696  6.07052959310355
697  6.07083811350941
698  6.07114605312298
699  6.07145341380860
700  6.07176019753372
701  6.07206640621430
702  6.07237204168353
703  6.07267710579378
704  6.07298160067670
705  6.07328552845291
706  6.07358889032665
707  6.07389168848430
708  6.07419392480398
709  6.07449560100184
710  6.07479671901828
711  6.07509728063341
712  6.07539728772342
713  6.07569674200442
714  6.07599564532247
715  6.07629399960670
716  6.07659180638172
717  6.07688906755779
718  6.07718578503302
719  6.07748196037292
720  6.07777759539071
721  6.07807269182104
722  6.07836725144254
723  6.07866127593618
724  6.07895476712029
725  6.07924772656384
726  6.07954015603711
727  6.07983205711671
728  6.08012343173042
729  6.08041428135229
730  6.08070460779900
731  6.08099343925112
732  6.08128323550195
733  6.08157190174222
734  6.08186142260120
735  6.08214844910274
736  6.08243567054604
737  6.08272238010835
738  6.08300857943500
739  6.08329427015487
740  6.08357945385516
741  6.08386413215525
742  6.08414830659323
743  6.08443197864916
744  6.08471515011146
745  6.08499782303863
746  6.08527999845217
747  6.08556167784588
748  6.08584286278434
749  6.08612355475845
750  6.08640375553958
751  6.08668346628511
752  6.08696268857837
753  6.08724142400350
754  6.08751967413532
755  6.08779744032278
756  6.08807472416548
757  6.08835152706936
758  6.08862785057043
759  6.08890369609255
760  6.08917906512077
761  6.08945395880071
762  6.08972837920257
763  6.09000232766108
764  6.09027580524887
765  6.09054881352215
766  6.09082136333507
767  6.09109343733072
768  6.09136504630502
769  6.09163619138238
770  6.09190687451548
771  6.09217709690007
772  6.09244685980074
773  6.09271616462816
774  6.09298501285734
775  6.09325340567195
776  6.09352134453055
777  6.09378883078563
778  6.09405586588178
779  6.09432244908758
780  6.09458858575398
781  6.09485427520449
782  6.09511951877876
783  6.09538431780066
784  6.09564867358842
785  6.09591258747798
786  6.09617606073117
787  6.09643909467199
788  6.09669797149009
789  6.09696012607594
790  6.09722184501548
791  6.09748312979487
792  6.09774398168835
793  6.09800440196534
794  6.09826439188960
795  6.09852395293441
796  6.09878308592465
797  6.09904179232215
798  6.09930007336937
799  6.09955793032726
800  6.09981536405545
801  6.10007237634563
802  6.10032896834029
803  6.10058514109993
804  6.10084089617883
805  6.10109623414369
806  6.10135115651731
807  6.10160566449668
808  6.10185975915818
809  6.10211344189211
810  6.10236671377004
811  6.10261957612361
812  6.10287203003787
813  6.10312404861555
814  6.10337559965872
815  6.10362674465148
816  6.10387748476887
817  6.10412782111526
818  6.10437775485782
819  6.10462728713664
820  6.10487641898364
821  6.10512515174401
822  6.10537348651286
823  6.10562142426573
824  6.10586896619499
825  6.10611611341598
826  6.10636286694404
827  6.10660922791792
828  6.10685519769704
829  6.10710077714453
830  6.10734596738155
831  6.10759076949466
832  6.10783518454432
833  6.10807921363722
834  6.10832285775086
835  6.10856611813011
836  6.10880899576539
837  6.10905149201277
838  6.10929360756832
839  6.10953534346821
840  6.10977670082882
841  6.11001768069457
842  6.11025828445020
843  6.11049851246710
844  6.11073836615560
845  6.11097784663407
846  6.11121695468432
847  6.11145569138890
848  6.11169405783302
849  6.11193205514090
850  6.11216968432202
851  6.11240694616941
852  6.11264384168603
853  6.11288037196426
854  6.11311653803596
855  6.11335234076824
856  6.11358778123863
857  6.11382286042076
858  6.11405757931088
859  6.11429193878632
860  6.11452593992765
861  6.11475958359880
862  6.11499287086424
863  6.11522580262225
864  6.11545837985745
865  6.11569060349981
866  6.11592247448881
867  6.11615399381553
868  6.11638516237478
869  6.11661598111415
870  6.11684645100444
871  6.11707657299471
872  6.11730634788551
873  6.11753577683204
874  6.11776486035929
875  6.11799360276433
876  6.11822199880332
877  6.11845005250613
878  6.11867776455695
879  6.11890513600998
880  6.11913216770946
881  6.11935886064824
882  6.11958521563599
883  6.11981123348204
884  6.12003691522619
885  6.12026226161889
886  6.12048727365190
887  6.12071195214218
888  6.12093629761818
889  6.12116031164822
890  6.12138399476245
891  6.12160734787097
892  6.12183037163817
893  6.12205306754068
894  6.12227543814358
895  6.12249748221657
896  6.12271920057051
897  6.12294059400251
898  6.12316166341771
899  6.12338240985990
900  6.12360283359247
901  6.12382294009134
902  6.12404272146312
903  6.12426218295811
904  6.12448132530698
905  6.12470014941477
906  6.12491865604081
907  6.12513684591540
908  6.12535472008489
909  6.12557227917797
910  6.12578952401403
911  6.12600645541910
912  6.12622307425683
913  6.12643938119206
914  6.12665537708267
915  6.12687106280621
916  6.12708643901288
917  6.12730150563455
918  6.12751626497176
919  6.12773071751929
920  6.12794486362130
921  6.12815870409211
922  6.12837223991224
923  6.12858547166664
924  6.12879840009073
925  6.12901102594636
926  6.12922335010211
927  6.12943537322053
928  6.12964709612687
929  6.12985851954318
930  6.13006964421688
931  6.13028047086762
932  6.13049100027770
933  6.13070123334431
934  6.13091117020815
935  6.13112081234298
936  6.13133016011299
937  6.13153921431797
938  6.13174797562659
939  6.13195644482920
940  6.13216462259922
941  6.13237250955306
942  6.13258010666415
943  6.13278741452428
944  6.13299443371879
945  6.13320116518819
946  6.13340760952690
947  6.13361376746542
948  6.13381963964391
949  6.13402522678573
950  6.13423052959179
951  6.13443554877507
952  6.13464028502804
953  6.13484473900794
954  6.13504891143240
955  6.13525280296380
956  6.13545641432264
957  6.13565974614162
958  6.13586279912134
959  6.13606557393686
960  6.13626807124880
961  6.13647029175412
962  6.13667223764346
963  6.13687390650333
964  6.13707530054575
965  6.13727642042827
966  6.13747726683385
967  6.13767784037268
968  6.13787814172060
969  6.13807817155543
970  6.13827793048430
971  6.13847741917568
972  6.13867663827545
973  6.13887558843677
974  6.13907427028188
975  6.13927268445746
976  6.13947083160303
977  6.13966871245480
978  6.13986632746594
979  6.14006367732528
980  6.14026076268145
981  6.14045758439515
982  6.14065414262227
983  6.14085043821434
984  6.14104647180131
985  6.14124224399662
986  6.14143775566492
987  6.14163300692154
988  6.14182799862708
989  6.14202273139143
990  6.14221720584960
991  6.14241142246283
992  6.14260538204993
993  6.14279908498416
994  6.14299253211544
995  6.14318572392118
996  6.14337866103692
997  6.14357134397632
998  6.14376377344877
999  6.14395594988730
1000  6.14414787394765
1001  6.14433954623313
1002  6.14453096732424
1003  6.14472213779918
1004  6.14491305826068
1005  6.14510372915567
1006  6.14529415122456
1007  6.14548432503771
1008  6.14567425113236
1009  6.14586393002169
1010  6.14605336231430
1011  6.14624254857693
1012  6.14643148939579
1013  6.14662018529775
1014  6.14680863685131
1015  6.14699684462308
1016  6.14718480917065
1017  6.14737253104972
1018  6.14756001081406
1019  6.14774724901574
1020  6.14793424620402
1021  6.14812100293467
1022  6.14830751923002
1023  6.14848894430943
1024  6.14867497827132
1025  6.14886077377936
1026  6.14904633151104
1027  6.14923165230491
1028  6.14941673597825
1029  6.14960158368973
1030  6.14978619579381
1031  6.14997057282130
1032  6.15015471530162
1033  6.15033862376216
1034  6.15052229872889
1035  6.15070574072591
1036  6.15088895027568
1037  6.15107192789904
1038  6.15125467411503
1039  6.15143718947457
1040  6.15161947444282
1041  6.15180152953511
1042  6.15198335528014
1043  6.15216495220138
1044  6.15234632086033
1045  6.15252746162267
1046  6.15270837531552
1047  6.15288906195583
1048  6.15306952229019
1049  6.15324975696136
1050  6.15342976616523
1051  6.15360955056369
1052  6.15378911065350
1053  6.15396844706035
1054  6.15414755999619
1055  6.15432645007314
1056  6.15450511782639
1057  6.15468356387105
1058  6.15486178844041
1059  6.15503979211248
1060  6.15521757543504
1061  6.15539513879569
1062  6.15557248276813
1063  6.15574960777467
1064  6.15592651431033
1065  6.15610320310881
1066  6.15627967429921
1067  6.15645592827511
1068  6.15663196567819
1069  6.15680778696880
1070  6.15698339263332
1071  6.15715878313609
1072  6.15733395898101
1073  6.15750892055096
1074  6.15768366835064
1075  6.15785820284190
1076  6.15803252448569
1077  6.15820663361361
1078  6.15838053584694
1079  6.15855422170012
1080  6.15872769653420
1081  6.15890096082556
1082  6.15907401498056
1083  6.15924685931788
1084  6.15941949458481
1085  6.15959192108570
1086  6.15976413926751
1087  6.15993614957558
1088  6.16010795245387
1089  6.16027954834530
1090  6.16045093768647
1091  6.16062212091455
1092  6.16079309846139
1093  6.16096387082155
1094  6.16113443836722
1095  6.16130480154231
1096  6.16147496080365
1097  6.16164491655380
1098  6.16181466924321
1099  6.16198421929811
1100  6.16215356716947
1101  6.16232271323776
1102  6.16249165795175
1103  6.16266040164513
1104  6.16282894489115
1105  6.16299728808264
1106  6.16316543154602
1107  6.16333344895730
1108  6.16350121938595
1109  6.16366875381474
1110  6.16383606589915
1111  6.16400318039345
1112  6.16417009742202
1113  6.16433681747757
1114  6.16450334097045
1115  6.16466966833247
1116  6.16483579988775
1117  6.16500173613975
1118  6.16516747745668
1119  6.16533302424616
1120  6.16549837690924
1121  6.16566353583951
1122  6.16582850142985
1123  6.16599327410610
1124  6.16615785425281
1125  6.16632224226688
1126  6.16648643854401
1127  6.16665044347837
1128  6.16681425750464
1129  6.16697788093265
1130  6.16714131419440
1131  6.16730455767983
1132  6.16746761176474
1133  6.16763047686404
1134  6.16779315333647
1135  6.16795564161680
1136  6.16811794202972
1137  6.16828005498124
1138  6.16844198085353
1139  6.16860372020399
1140  6.16876527305884
1141  6.16892664001499
1142  6.16908782136673
1143  6.16924881753204
1144  6.16940962888637
1145  6.16957025596879
1146  6.16973069887032
1147  6.16989095803218
1148  6.17005103375739
1149  6.17021092664713
1150  6.17037063693983
1151  6.17053016503305
1152  6.17068951127868
1153  6.17084867604243
1154  6.17100765968878
1155  6.17116646259846
1156  6.17132508510543
1157  6.17148352756355
1158  6.17164179035211
1159  6.17179987384364
1160  6.17195777840670
1161  6.17211550435208
1162  6.17227305205962
1163  6.17243042188429
1164  6.17258761422184
1165  6.17274462934253
1166  6.17290146764030
1167  6.17305812946625
1168  6.17321461517064
1169  6.17337092507653
1170  6.17352705958428
1171  6.17368301901474
1172  6.17383880371464
1173  6.17399441402948
1174  6.17414985030352
1175  6.17430511288020
1176  6.17446020219494
1177  6.17461511840305
1178  6.17476986197977
1179  6.17492443318099
1180  6.17507883241041
1181  6.17523305993311
1182  6.17538711616097
1183  6.17554100140365
1184  6.17569471568672
1185  6.17584825985619
1186  6.17600163414800
1187  6.17615483878790
1188  6.17630787410730
1189  6.17646074043596
1190  6.17661343810331
1191  6.17676596743749
1192  6.17691832875277
1193  6.17707052247340
1194  6.17722254876824
1195  6.17737440803398
1196  6.17752610059403
1197  6.17767762679219
1198  6.17782898689217
1199  6.17798018125250
1200  6.17813121019372
1201  6.17828207410047
1202  6.17843277316048
1203  6.17858330773711
1204  6.17873367816571
1205  6.17888388475417
1206  6.17903392784003
1207  6.17918380772457
1208  6.17933352488041
1209  6.17948307931822
1210  6.17963247149101
1211  6.17978170208741
1212  6.17993077089321
1213  6.18007967811584
1214  6.18022842450363
1215  6.18037701005312
1216  6.18052543521034
1217  6.18067370027675
1218  6.18082180545276
1219  6.18096975110588
1220  6.18111753756208
1221  6.18126516512373
1222  6.18141263409215
1223  6.18155994479164
1224  6.18170709747451
1225  6.18185409246334
1226  6.18200093004330
1227  6.18214761053723
1228  6.18229413412179
1229  6.18244050127424
1230  6.18258671224680
1231  6.18273276730098
1232  6.18287866673051
1233  6.18302441082727
1234  6.18316999988283
1235  6.18331543418884
1236  6.18346071403537
1237  6.18360583969793
1238  6.18375081148739
1239  6.18389562956722
1240  6.18404029447981
1241  6.18418480622346
1242  6.18432916535734
1243  6.18447337204110
1244  6.18461742668670
1245  6.18476132980062
1246  6.18490508132511
1247  6.18504868152970
1248  6.18519213068089
1249  6.18533542908909
1250  6.18547857675145
1251  6.18562157447364
1252  6.18576442195331
1253  6.18590712012657
1254  6.18604966897703
1255  6.18619206869518
1256  6.18633431959890
1257  6.18647642196253
1258  6.18661837605980
1259  6.18676018214760
1260  6.18690184052020
1261  6.18704335144252
1262  6.18718471686234
1263  6.18732593392389
1264  6.18746700402926
1265  6.18760792783659
1266  6.18774870561273
1267  6.18788933735769
1268  6.18802982375974
1269  6.18817016478310
1270  6.18831036074144
1271  6.18845041193818
1272  6.18859031862425
1273  6.18873008105035
1274  6.18886969950401
1275  6.18900917432132
1276  6.18914850558930
1277  6.18928769355352
1278  6.18942673867703
1279  6.18956564115974
1280  6.18970440117480
1281  6.18984301901014
1282  6.18998149494776
1283  6.19011982923118
1284  6.19025801998863
1285  6.19039607174048
1286  6.19053398259192
1287  6.19067175280824
1288  6.19080938264218
1289  6.19094687236962
1290  6.19108422219514
1291  6.19122143239353
1292  6.19135850320266
1293  6.19149543489732
1294  6.19163222775702
1295  6.19176888194428
1296  6.19190539773739
1297  6.19204177540899
1298  6.19217801546138
1299  6.19231411760386
1300  6.19245008234993
1301  6.19258591003085
1302  6.19272160071770
1303  6.19285715472825
1304  6.19299257233007
1305  6.19312785375302
1306  6.19326299923836
1307  6.19339800901492
1308  6.19353288337194
1309  6.19366762236938
1310  6.19380222650926
1311  6.19393669591071
1312  6.19407103083527
1313  6.19420523147315
1314  6.19433929807209
1315  6.19447323089318
1316  6.19460703015958
1317  6.19474069610613
1318  6.19487422895504
1319  6.19500762896497
1320  6.19514089639959
1321  6.19527403140527
1322  6.19540703425739
1323  6.19553990518714
1324  6.19567264442559
1325  6.19580525219017
1326  6.19593772873499
1327  6.19607007427767
1328  6.19620228944875
1329  6.19633437365967
1330  6.19646632756481
1331  6.19659815140228
1332  6.19672984535063
1333  6.19686140965971
1334  6.19699284455446
1335  6.19712415025943
1336  6.19725532705345
1337  6.19738637505090
1338  6.19751729452865
1339  6.19764808570811
1340  6.19777874880327
1341  6.19790928405128
1342  6.19803969166953
1343  6.19816997187481
1344  6.19830012488715
1345  6.19843015092530
1346  6.19856005020778
1347  6.19868982294060
1348  6.19881946936549
1349  6.19894898968732
1350  6.19907838412273
1351  6.19920765288726
1352  6.19933679618379
1353  6.19946581425192
1354  6.19959470729355
1355  6.19972347554662
1356  6.19985211917674
1357  6.19998063842041
1358  6.20010903347715
1359  6.20023730458372
1360  6.20036545196257
1361  6.20049347577652
1362  6.20062137630297
1363  6.20074915365279
1364  6.20087680819176
1365  6.20100433993811
1366  6.20113174918929
1367  6.20125903614058
1368  6.20138620101884
1369  6.20151324401504
1370  6.20164016522275
1371  6.20176696510069
1372  6.20189364372151
1373  6.20202020128934
1374  6.20214663799626
1375  6.20227295407063
1376  6.20239914970284
1377  6.20252522509574
1378  6.20265118048782
1379  6.20277701604214
1380  6.20290273192689
1381  6.20302832838404
1382  6.20315380551040
1383  6.20327916366697
1384  6.20340440304654
1385  6.20352952375394
1386  6.20365452603104
1387  6.20377940970131
1388  6.20390417568801
1389  6.20402882383008
1390  6.20415335432371
1391  6.20427776744126
1392  6.20440206337793
1393  6.20452624210006
1394  6.20465030395474
1395  6.20477424913612
1396  6.20489807782857
1397  6.20502178199235
1398  6.20514532798686
1399  6.20526875694024
1400  6.20539207034903
1401  6.20551526839382
1402  6.20563835126142
1403  6.20576131917014
1404  6.20588417232202
1405  6.20600691089040
1406  6.20612953503491
1407  6.20625204511152
1408  6.20637444099245
1409  6.20649672333415
1410  6.20661889173789
1411  6.20674094667724
1412  6.20686288833857
1413  6.20698471689592
1414  6.20710643255919
1415  6.20722803550132
1416  6.20734952590692
1417  6.20747090396013
1418  6.20759216984469
1419  6.20771332373218
1420  6.20783436582960
1421  6.20795529630734
1422  6.20807611534076
1423  6.20819682270249
1424  6.20831741939946
1425  6.20843790521457
1426  6.20855828031569
1427  6.20867854488231
1428  6.20879869909471
1429  6.20891874314938
1430  6.20903867718371
1431  6.20915850140601
1432  6.20927821598795
1433  6.20939782095179
1434  6.20951731680943
1435  6.20963670352181
1436  6.20975598131342
1437  6.20987515034821
1438  6.20999421080172
1439  6.21011316292711
1440  6.21023200674234
1441  6.21035074250001
1442  6.21046937036146
1443  6.21058789052478
1444  6.21070630314345
1445  6.21082460839644
1446  6.21094280645679
1447  6.21106089748389
1448  6.21117888167397
1449  6.21129675974012
1450  6.21141453186226
1451  6.21153219753034
1452  6.21164975715990
1453  6.21176721078586
1454  6.21188455860148
1455  6.21200180078765
1456  6.21211893746428
1457  6.21223596882363
1458  6.21235289502108
1459  6.21246971624812
1460  6.21258643277472
1461  6.21270304453674
1462  6.21281955181542
1463  6.21293595477414
1464  6.21305225356318
1465  6.21316844835386
1466  6.21328453933643
1467  6.21340052666827
1468  6.21351641050502
1469  6.21363219104267
1470  6.21374786837950
1471  6.21386344271061
1472  6.21397891419850
1473  6.21409428308189
1474  6.21420954936871
1475  6.21433175223081
1476  6.21444681862300
1477  6.21456178316229
1478  6.21467664581756
1479  6.21479140675568
1480  6.21490606612376
1481  6.21502062412981
1482  6.21513508087172
1483  6.21524943653210
1484  6.21536369126904
1485  6.21547784722562
1486  6.21559190061329
1487  6.21570585351290
1488  6.21581970619729
1489  6.21593345869840
1490  6.21604711119346
1491  6.21616066386160
1492  6.21627411704876
1493  6.21638747059745
1494  6.21650072471377
1495  6.21661387962183
1496  6.21672693547504
1497  6.21683989246042
1498  6.21695275055655
1499  6.21706551011219
1500  6.21717817127791
1501  6.21729073415335
1502  6.21740319889367
1503  6.21751556564575
1504  6.21762783457338
1505  6.21774000581548
1506  6.21785207952272
1507  6.21796405612944
1508  6.21807593524134
1509  6.21818771724314
1510  6.21829940229640
1511  6.21841099057411
1512  6.21852248221277
1513  6.21863387738547
1514  6.21874517619157
1515  6.21885637879002
1516  6.21896748539673
1517  6.21907849605722
1518  6.21918941096237
1519  6.21930023025896
1520  6.21941095409248
1521  6.21952158260896
1522  6.21963211547990
1523  6.21974255363887
1524  6.21985289707331
1525  6.21996314576416
1526  6.22007329984070
1527  6.22018335962905
1528  6.22029332531034
1529  6.22040319682736
1530  6.22051297421951
1531  6.22062265780063
1532  6.22073224768009
1533  6.22084174395547
1534  6.22095114678338
1535  6.22106045632654
1536  6.22116967267337
1537  6.22127879598934
1538  6.22138782640277
1539  6.22149676407747
1540  6.22160560916564
1541  6.22171436175798
1542  6.22182302201783
1543  6.22193158994728
1544  6.22204006670951
1545  6.22214845090487
1546  6.22225674323275
1547  6.22236494390683
1548  6.22247305307663
1549  6.22258107086714
1550  6.22268899743956
1551  6.22279683291812
1552  6.22290457743850
1553  6.22301223113687
1554  6.22311979414874
1555  6.22322726660968
1556  6.22333464865405
1557  6.22344194040499
1558  6.22354914202074
1559  6.22365625362344
1560  6.22376327534706
1561  6.22387020731278
1562  6.22397704967834
1563  6.22408380268270
1564  6.22419046622211
1565  6.22429704059250
1566  6.22440352583510
1567  6.22450992212712
1568  6.22461622961618
1569  6.22472244839877
1570  6.22482857862791
1571  6.22493462043139
1572  6.22504057393053
1573  6.22514643927026
1574  6.22525221657771
1575  6.22535790597967
1576  6.22546350760537
1577  6.22556902158388
1578  6.22567444804405
1579  6.22577978711417
1580  6.22588503891095
1581  6.22599020358612
1582  6.22609528125549
1583  6.22620027204637
1584  6.22630517607438
1585  6.22640999348990
1586  6.22651472440776
1587  6.22661936895456
1588  6.22672392725651
1589  6.22682839943919
1590  6.22693278562809
1591  6.22703708597358
1592  6.22714130053953
1593  6.22724542959223
1594  6.22734947305813
1595  6.22745343115442
1596  6.22755730406343
1597  6.22766109179278
1598  6.22776479452414
1599  6.22786841238070
1600  6.22797194548518
1601  6.22807539396108
1602  6.22817875793018
1603  6.22828203751493
1604  6.22838523282581
1605  6.22848834400737
1606  6.22859137115882
1607  6.22869431441231
1608  6.22879717387777
1609  6.22889994723186
1610  6.22900263952174
1611  6.22910524839673
1612  6.22920777397684
1613  6.22931021650389
1614  6.22941257619198
1615  6.22951485260528
1616  6.22961704623537
1617  6.22971915710807
1618  6.22982118527359
1619  6.22992313144379
1620  6.23002499488648
1621  6.23012677612712
1622  6.23022847529630
1623  6.23033009251099
1624  6.23043162788811
1625  6.23053308156962
1626  6.23063445318675
1627  6.23073574367972
1628  6.23083695264928
1629  6.23093808032849
1630  6.23103912683126
1631  6.23114009227346
1632  6.23124097675838
1633  6.23134178042428
1634  6.23144250337376
1635  6.23154314572014
1636  6.23164370756189
1637  6.23174418921632
1638  6.23184459044257
1639  6.23194491152251
1640  6.23204515255782
1641  6.23214531368498
1642  6.23224539500533
1643  6.23234539663177
1644  6.23244531866435
1645  6.23254516123931
1646  6.23264492445662
1647  6.23274460847377
1648  6.23284421331057
1649  6.23294373914891
1650  6.23304318605038
1651  6.23314255415060
1652  6.23324184354833
1653  6.23334105437739
1654  6.23344018694798
1655  6.23353924094661
1656  6.23363821668290
1657  6.23373711429032
1658  6.23383593386569
1659  6.23393467551851
1660  6.23403333935768
1661  6.23413192549142
1662  6.23423043402791
1663  6.23432886507533
1664  6.23442721873046
1665  6.23452549512407
1666  6.23462369418566
1667  6.23472181620575
1668  6.23481967898314
1669  6.23491715120165
1670  6.23501454648067
1671  6.23511186492008
1672  6.23520910662746
1673  6.23530627180478
1674  6.23540969939188
1675  6.23550837197934
1676  6.23560531262508
1677  6.23570217709181
1678  6.23579896547418
1679  6.23589600013927
1680  6.23599423616323
1681  6.23608435920380
1682  6.23618246245680
1683  6.23628048897022
1684  6.23637843903217
1685  6.23647631269792
1686  6.23657411009712
1687  6.23667183133508
1688  6.23676138088178
1689  6.23685862037391
1690  6.23695452920898
1691  6.23705033793284
1692  6.23714607161570
1693  6.23724173115987
1694  6.23734374382928
1695  6.23744092313040
1696  6.23753636447471
1697  6.23763173172175
1698  6.23772702493896
1699  6.23782224422778
1700  6.23791738968904
1701  6.23801287218833
1702  6.23810836330285
1703  6.23820378108292
1704  6.23829912562137
1705  6.23839439712794
1706  6.23848959550761
1707  6.23858472095266
1708  6.23867977356193
1709  6.23877475345296
1710  6.23886966069341
1711  6.23896449538329
1712  6.23905925752041
1713  6.23915394738523
1714  6.23924856504870
1715  6.23934311056289
1716  6.23943758402020
1717  6.23953198551227
1718  6.23962631515953
1719  6.23972057304734
1720  6.23981475927252
1721  6.23990887393123
1722  6.24000291716687
1723  6.24009688898200
1724  6.24019078937591
1725  6.24028461873182
1726  6.24037837698948
1727  6.24047206426792
1728  6.24056568065080
1729  6.24065922622143
1730  6.24075270109805
1731  6.24084610536372
1732  6.24093943911261
1733  6.24103270243941
1734  6.24112589543806
1735  6.24121901849259
1736  6.24131207111741
1737  6.24140505369543
1738  6.24149796632024
1739  6.24159080907330
1740  6.24168358209673
1741  6.24177628542016
1742  6.24186891914284
1743  6.24196148336336
1744  6.24205397822096
1745  6.24214640379326
1746  6.24223876014061
1747  6.24233104736120
1748  6.24242326555305
1749  6.24251541480772
1750  6.24260749521659
1751  6.24269950685899
1752  6.24279144985009
1753  6.24288332426798
1754  6.24297513019127
1755  6.24306686772394
1756  6.24315853700152
1757  6.24325013802112
1758  6.24334167091942
1759  6.24343313578643
1760  6.24352453271176
1761  6.24361586178440
1762  6.24370712309411
1763  6.24379831672975
1764  6.24388944276810
1765  6.24398050132184
1766  6.24407149246817
1767  6.24416241628335
1768  6.24425327287883
1769  6.24434392119482
1770  6.24443464353265
1771  6.24452529890068
1772  6.24461588741438
1773  6.24470640911064
1774  6.24479686410216
1775  6.24488725247557
1776  6.24497757431786
1777  6.24506782972953
1778  6.24515801881749
1779  6.24524814204867
1780  6.24533819862224
1781  6.24542818910868
1782  6.24551811358245
1783  6.24560797212954
1784  6.24569776483527
1785  6.24578749178566
1786  6.24587715306552
1787  6.24596674876019
1788  6.24605627904119
1789  6.24614574381222
1790  6.24623514325843
1791  6.24632447746170
1792  6.24641374659309
1793  6.24650295052815
1794  6.24659208949040
1795  6.24668116355206
1796  6.24677017278838
1797  6.24685911728295
1798  6.24694799711850
1799  6.24703681237936
1800  6.24712556314815
1801  6.24721424950795
1802  6.24730287153000
1803  6.24739142931983
1804  6.24747992275932
1805  6.24756835206953
1806  6.24765671746805
1807  6.24774501898924
1808  6.24783325669502
1809  6.24792143069505
1810  6.24800954099455
1811  6.24809758773010
1812  6.24818557094246
1813  6.24827349079763
1814  6.24836134725870
1815  6.24844914044509
1816  6.24853687053485
1817  6.24862453748664
1818  6.24871214136847
1819  6.24879968234800
1820  6.24888716045204
1821  6.24897457578711
1822  6.24906192840072
1823  6.24914921841700
1824  6.24923644589202
1825  6.24932361071119
1826  6.24941071302320
1827  6.24949775303323
1828  6.24958473083296
1829  6.24967164921145
1830  6.24975850286310
1831  6.24984529431387
1832  6.24993202388187
1833  6.25001869172692
1834  6.25010529788917
1835  6.25019184241863
1836  6.25027832542682
1837  6.25036474693091
1838  6.25045110698938
1839  6.25053740573350
1840  6.25062364342791
1841  6.25070981978070
1842  6.25079593499180
1843  6.25088198913700
1844  6.25096798234178
1845  6.25105391468133
1846  6.25113978620378
1847  6.25122559701532
1848  6.25131134716257
1849  6.25139703676246
1850  6.25148266316160
1851  6.25156823181599
1852  6.25165374014693
1853  6.25173918821688
1854  6.25182457586026
1855  6.25190990319314
1856  6.25199517046707
1857  6.25208037776176
1858  6.25216552512108
1859  6.25225061264704
1860  6.25233564040612
1861  6.25242060846501
1862  6.25250551691496
1863  6.25259036580426
1864  6.25267515522313
1865  6.25275988524355
1866  6.25284455593345
1867  6.25292916736847
1868  6.25301371963411
1869  6.25309821277518
1870  6.25318264694312
1871  6.25326702209538
1872  6.25335133866370
1873  6.25343559599051
1874  6.25351979507763
1875  6.25360393509400
1876  6.25368801650578
1877  6.25377203940523
1878  6.25385600387258
1879  6.25393991002742
1880  6.25402375802072
1881  6.25410754765341
1882  6.25419127912980
1883  6.25427495209108
1884  6.25435856749026
1885  6.25444213509330
1886  6.25452563445251
1887  6.25460907613569
1888  6.25469246005548
1889  6.25477578634271
1890  6.25485905500389
1891  6.25494226616945
1892  6.25502541985960
1893  6.25510851619022
1894  6.25519155519630
1895  6.25527453696198
1896  6.25535746160330
1897  6.25544032908144
1898  6.25552313955070
1899  6.25560589304271
1900  6.25568858964749
1901  6.25577122943545
1902  6.25585381245893
1903  6.25593633879617
1904  6.25601880853444
1905  6.25610122170914
1906  6.25618357840384
1907  6.25626587866715
1908  6.25634812259777
1909  6.25643031028683
1910  6.25651244176339
1911  6.25659451706240
1912  6.25667653632617
1913  6.25675849955554
1914  6.25684040689578
1915  6.25692225853631
1916  6.25700405417495
1917  6.25708579410547
1918  6.25716747838816
1919  6.25724910687782
1920  6.25733068013708
1921  6.25741219778044
1922  6.25749365993183
1923  6.25757506687623
1924  6.25765641855601
1925  6.25773771506854
1926  6.25781895641386
1927  6.25790014271718
1928  6.25798127402418
1929  6.25806235026565
1930  6.25814337510748
1931  6.25822434182733
1932  6.25829389374828
1933  6.25837684773763
1934  6.25845764555395
1935  6.25853838885286
1936  6.25861907769104
1937  6.25869971211380
1938  6.25878029219975
1939  6.25886081804124
1940  6.25894128964636
1941  6.25902170712139
1942  6.25910207006777
1943  6.25918237929541
1944  6.25926263474432
1945  6.25934283624440
1946  6.25942298395409
1947  6.25950307789241
1948  6.25958311811067
1949  6.25966310471875
1950  6.25974303756266
1951  6.25982291706758
1952  6.25990274316920
1953  6.25998251587399
1954  6.26006223526252
1955  6.26014190151727
1956  6.26022151445375
1957  6.26030107431711
1958  6.26038058108582
1959  6.26046003484254
1960  6.26053943567836
1961  6.26061878360414
1962  6.26069807874098
1963  6.26077732112595
1964  6.26085651081739
1965  6.26093564785958
1966  6.26101473237807
1967  6.26109376437438
1968  6.26117274392397
1969  6.26125167109907
1970  6.26133054595652
1971  6.26140936857460
1972  6.26148813898073
1973  6.26156685712753
1974  6.26164552333561
1975  6.26172413754466
1976  6.26180269977427
1977  6.26188121012770
1978  6.26195966867052
1979  6.26203807543596
1980  6.26211643048449
1981  6.26219473390698
1982  6.26227298574369
1983  6.26235118580594
1984  6.26242933464162
1985  6.26250743208222
1986  6.26258547817755
1987  6.26266347292349
1988  6.26274141649087
1989  6.26281930890903
1990  6.26289715019159
1991  6.26297494043863
1992  6.26305267952939
1993  6.26313036784988
1994  6.26320800533044
1995  6.26328559196165
1996  6.26336312792976
1997  6.26344061313897
1998  6.26351804773273
1999  6.26359543174726
2000  6.26367276523703
2001  6.26375004826521
2002  6.26382728091129
2003  6.26390446321721
2004  6.26398159518236
2005  6.26405867698088
2006  6.26413570861286
2007  6.26421269012476
2008  6.26428962179695
2009  6.26436650336094
2010  6.26444333493170
2011  6.26452011659801
2012  6.26459684842619
2013  6.26467353049059
2014  6.26475016285279
2015  6.26482674560311
2016  6.26490327871745
2017  6.26497976229608
2018  6.26505619640688
2019  6.26513258112638
2020  6.26520891694313
2021  6.26528520300672
2022  6.26536143976350
2023  6.26543762734483
2024  6.26551376576319
2025  6.26558985510784
2026  6.26566589542239
2027  6.26574188678546
2028  6.26581782918911
2029  6.26589372277037
2030  6.26596956755927
2031  6.26604536426399
2032  6.26612111183071
2033  6.26619681053508
2034  6.26627246067147
2035  6.26634806227141
2036  6.26642361554545
2037  6.26649912052413
2038  6.26657457715293
2039  6.26664998547629
2040  6.26672534554987
2041  6.26680065739094
2042  6.26687592112819
2043  6.26695113388717
2044  6.26702630150631
2045  6.26710142113006
2046  6.26717649282036
2047  6.26725151668540
2048  6.26732649272103
2049  6.26740142098485
2050  6.26747630153554
2051  6.26755113443373
2052  6.26762591976786
2053  6.26770065754094
2054  6.26777534780388
2055  6.26784998601702
2056  6.26792453820707
2057  6.26799904057503
2058  6.26807349544702
2059  6.26814790297878
2060  6.26822226324304
2061  6.26829657631289
2062  6.26837084214008
2063  6.26844506085020
2064  6.26851923248887
2065  6.26859335715421
2066  6.26866743491880
2067  6.26874146576704
2068  6.26881544971321
2069  6.26888938688675
2070  6.26896327730095
2071  6.26903712100645
2072  6.26911091805280
2073  6.26918466848574
2074  6.26925837238672
2075  6.26933202979005
2076  6.26940564073524
2077  6.26947920529785
2078  6.26955272350605
2079  6.26962619543428
2080  6.26969962112387
2081  6.26977300062453
2082  6.26984633398866
2083  6.26991962126526
2084  6.26999286252838
2085  6.27006605778915
2086  6.27013920711759
2087  6.27021231060316
2088  6.27028536823322
2089  6.27035838009755
2090  6.27043134619503
2091  6.27050426662711
2092  6.27057714143118
2093  6.27064997064661
2094  6.27072275445178
2095  6.27079549267592
2096  6.27086818547412
2097  6.27094083289636
2098  6.27101343499326
2099  6.27108599181177
2100  6.27115850339950
2101  6.27123096981941
2102  6.27130339110998
2103  6.27137575414571
2104  6.27144805226346
2105  6.27152030542339
2106  6.27159251371445
2107  6.27166467715392
2108  6.27173679524611
2109  6.27180886897184
2110  6.27188089820053
2111  6.27195288278658
2112  6.27202482277878
2113  6.27209671822744
2114  6.27216856918105
2115  6.27224037569012
2116  6.27231213779976
2117  6.27238385555964
2118  6.27245552901844
2119  6.27252715821597
2120  6.27259874321521
2121  6.27267028406211
2122  6.27274178081676
2123  6.27281323349625
2124  6.27288464216372
2125  6.27295600686761
2126  6.27302732765572
2127  6.27309860459620
2128  6.27316983775502
2129  6.27324102708418
2130  6.27331217268941
2131  6.27338327461739
2132  6.27345433291592
2133  6.27352534763278
2134  6.27359631880377
2135  6.27366724649856
2136  6.27373813075419
2137  6.27380897160552
2138  6.27387976936054
2139  6.27395052365920
2140  6.27402123462498
2141  6.27409190238583
2142  6.27416252698834
2143  6.27423310847955
2144  6.27430364690595
2145  6.27437414231356
2146  6.27444459474897
2147  6.27451500425835
2148  6.27458537088922
2149  6.27465569467519
2150  6.27472597568638
2151  6.27479621395773
2152  6.27486640952201
2153  6.27493656228729
2154  6.27500667261851
2155  6.27507674038840
2156  6.27514676569536
2157  6.27521674848670
2158  6.27528668885846
2159  6.27535658685647
2160  6.27542644252459
2161  6.27549625593691
2162  6.27556602692519
2163  6.27563575587952
2164  6.27570544267512
2165  6.27577508738034
2166  6.27584469004645
2167  6.27591425067835
2168  6.27598376934591
2169  6.27605324609082
2170  6.27612268095828
2171  6.27619207399313
2172  6.27626142524041
2173  6.27633073474332
2174  6.27640000254759
2175  6.27646922869663
2176  6.27653841323558
2177  6.27660755620797
2178  6.27667665765905
2179  6.27674571762142
2180  6.27681473616121
2181  6.27688371331227
2182  6.27695264910617
2183  6.27702154361021
2184  6.27709039685620
2185  6.27715920888815
2186  6.27722797975007
2187  6.27729670948690
2188  6.27736539813954
2189  6.27743404574607
2190  6.27750265235569
2191  6.27757121801280
2192  6.27763974276110
2193  6.27770822664330
2194  6.27777666969261
2195  6.27784507204385
2196  6.27791343361322
2197  6.27798175445216
2198  6.27805003470336
2199  6.27811827429625
2200  6.27818647335155
2201  6.27825463185798
2202  6.27832275008115
2203  6.27839082767299
2204  6.27845886486916
2205  6.27852686161312
2206  6.27859481817395
2207  6.27866273444086
2208  6.27873061048360
2209  6.27879844633536
2210  6.27886624205243
2211  6.27893399767407
2212  6.27900171322751
2213  6.27906938877899
2214  6.27913702444979
2215  6.27920462009822
2216  6.27927217585784
2217  6.27933969177065
2218  6.27940716788534
2219  6.27947460423165
2220  6.27954200085331
2221  6.27960935779411
2222  6.27967667509554
2223  6.27974395279930
2224  6.27981119094602
2225  6.27987838952932
2226  6.27994554873789
2227  6.28001266845014
2228  6.28007974878255
2229  6.28014678976325
2230  6.28021379143411
2231  6.28028075383560
2232  6.28034767700857
2233  6.28041456099342
2234  6.28048140583849
2235  6.28054821157263
2236  6.28061497823844
2237  6.28068170587871
2238  6.28074839453164
2239  6.28081504423421
2240  6.28088165502043
2241  6.28094822698154
2242  6.28101476009194
2243  6.28108125448651
2244  6.28114771009640
2245  6.28121412697606
2246  6.28128050521875
2247  6.28134684481042
2248  6.28141314581798
2249  6.28147940827738
2250  6.28154563222709
2251  6.28161181771237
2252  6.28167796477225
2253  6.28174407359386
2254  6.28181014397225
2255  6.28187617599395
2256  6.28194216973705
2257  6.28200812527079
2258  6.28207404259956
2259  6.28213992178798
2260  6.28220576286632
2261  6.28227156588312
2262  6.28233733085812
2263  6.28240305780208
2264  6.28246874683015
2265  6.28253439794285
2266  6.28260001117926
2267  6.28266558657721
2268  6.28273112417603
2269  6.28279662405196
2270  6.28286208618059
2271  6.28292751093354
2272  6.28299289772079
2273  6.28305824690174
2274  6.28312355850277
2275  6.28318883258510
2276  6.28325406917603
2277  6.28331926831345
2278  6.28338443003561
2279  6.28344955438030
2280  6.28351464138574
2281  6.28357969108956
2282  6.28364470355671
2283  6.28370967877164
2284  6.28377461731507
2285  6.28383951820097
2286  6.28390438196507
2287  6.28396920867644
2288  6.28403399833089
2289  6.28409875098318
2290  6.28417446504454
2291  6.28423914851703
2292  6.28430379526408
2293  6.28436840516046
2294  6.28443297824370
2295  6.28449751435653
2296  6.28456201392587
2297  6.28462647679354
2298  6.28469090300624
2299  6.28475529264988
2300  6.28481964565155
2301  6.28488396164555
2302  6.28494824157616
2303  6.28501248501497
2304  6.28507669202286
2305  6.28514086261175
2306  6.28520499684270
2307  6.28526909474865
2308  6.28533315634903
2309  6.28539718168829
2310  6.28546117080394
2311  6.28552512373117
2312  6.28558904050691
2313  6.28565292117636
2314  6.28571676575801
2315  6.28578057429621
2316  6.28584434682800
2317  6.28590808338867
2318  6.28597178401493
2319  6.28603544873084
2320  6.28609907759534
2321  6.28616267061833
2322  6.28622622785925
2323  6.28628974937221
2324  6.28635323513770
2325  6.28641668521849
2326  6.28648009965004
2327  6.28654343513324
2328  6.28660677844940
2329  6.28667008616172
2330  6.28673335833924
2331  6.28679659504457
2332  6.28685979631397
2333  6.28692296218174
2334  6.28698609268395
2335  6.28704918784288
2336  6.28711224772484
2337  6.28717527232939
2338  6.28723826171820
2339  6.28730121591507
2340  6.28736413495614
2341  6.28742701887609
2342  6.28748986770923
2343  6.28755268149084
2344  6.28761546030689
2345  6.28767820408882
2346  6.28774091292325
2347  6.28780358685323
2348  6.28786622589563
2349  6.28792883009322
2350  6.28799139948074
2351  6.28805393408080
2352  6.28811643395097
2353  6.28817889910280
2354  6.28824132959290
2355  6.28830372544432
2356  6.28836608669122
2357  6.28842841316482
2358  6.28849070531316
2359  6.28855296294981
2360  6.28861518611760
2361  6.28867737485010
2362  6.28873952918187
2363  6.28880164925660
2364  6.28886373488696
2365  6.28892578624137
2366  6.28898780338285
2367  6.28904978625245
2368  6.28911173493473
2369  6.28917364945039
2370  6.28923552982267
2371  6.28929737613476
2372  6.28935918835364
2373  6.28942096653987
2374  6.28948271076543
2375  6.28954442099989
2376  6.28960609728798
2377  6.28966773967570
2378  6.28972934820404
2379  6.28979092289414
2380  6.28985246378124
2381  6.28991397090055
2382  6.28997544428521
2383  6.29003688396482
2384  6.29009828997776
2385  6.29015966233516
2386  6.29022100109252
2387  6.29028230628912
2388  6.29034357794750
2389  6.29040481609939
2390  6.29046602077785
2391  6.29052719201530
2392  6.29058832984361
2393  6.29064943429575
2394  6.29071050540405
2395  6.29077154320082
2396  6.29083254813439
2397  6.29089351954646
2398  6.29095445761027
2399  6.29101536248199
2400  6.29107623403052
2401  6.29113707237742
2402  6.29119787762898
2403  6.29125864984963
2404  6.29131938916873
2405  6.29138009539882
2406  6.29144076868052
2407  6.29150141227220
2408  6.29156201975502
2409  6.29162259441693
2410  6.29168313623063
2411  6.29174364525462
2412  6.29180412152093
2413  6.29186456506068
2414  6.29192497592602
2415  6.29198535411473
2416  6.29204569965240
2417  6.29210601258769
2418  6.29216629287144
2419  6.29222653981410
2420  6.29228675564130
2421  6.29234693844262
2422  6.29240708879719
2423  6.29246720674971
2424  6.29252729233061
2425  6.29258734557096
2426  6.29264736633340
2427  6.29270735498456
2428  6.29276731138785
2429  6.29282723557365
2430  6.29288712757264
2431  6.29294698741557
2432  6.29300681513370
2433  6.29306661074510
2434  6.29312637377445
2435  6.29318610530837
2436  6.29324580481323
2437  6.29330547225203
2438  6.29336510773132
2439  6.29342471128678
2440  6.29348428294990
2441  6.29354381949503
2442  6.29360332746231
2443  6.29366280362696
2444  6.29372224801916
2445  6.29378166066992
2446  6.29384090627300
2447  6.29390020892268
2448  6.29395952628653
2449  6.29401881193430
2450  6.29407806597479
2451  6.29413728844956
2452  6.29419647942725
2453  6.29425563886761
2454  6.29431476680890
2455  6.29437386328950
2456  6.29443292834606
2457  6.29449196200865
2458  6.29455096430719
2459  6.29460993529802
2460  6.29466887495632
2461  6.29472778333904
2462  6.29478666047536
2463  6.29484550639424
2464  6.29490432108737
2465  6.29496310466088
2466  6.29502185710376
2467  6.29508057844861
2468  6.29513926872379
2469  6.29519792794550
2470  6.29525655617606
2471  6.29531515341528
2472  6.29537371970028
2473  6.29543225506020
2474  6.29549075952486
2475  6.29554923312218
2476  6.29560767588238
2477  6.29566608783355
2478  6.29572446900372
2479  6.29578281942247
2480  6.29584113911883
2481  6.29589942812102
2482  6.29595768646674
2483  6.29601591415896
2484  6.29607411124900
2485  6.29613227776273
2486  6.29619041372237
2487  6.29624851916227
2488  6.29630659410875
2489  6.29636463858924
2490  6.29642265263282
2491  6.29648063626690
2492  6.29653858952111
2493  6.29659651242250
2494  6.29665440500054
2495  6.29671226728273
2496  6.29677009929668
2497  6.29682790107168
2498  6.29688567266487
2499  6.29694341405240
2500  6.29700112532159
2501  6.29705880638546
2502  6.29711645737329
2503  6.29717407829604
2504  6.29723166920655
2505  6.29728923007310
2506  6.29734676095083
2507  6.29740426186868
2508  6.29746173285338
2509  6.29751917393326
2510  6.29757658513554
2511  6.29763396648884
2512  6.29769131801949
2513  6.29774863976384
2514  6.29780593173289
2515  6.29786319396141
2516  6.29792042647841
2517  6.29797762932604
2518  6.29803480249340
2519  6.29809194604594
2520  6.29814905997464
2521  6.29820614433918
2522  6.29826319915785
2523  6.29832022445590
2524  6.29837722025962
2525  6.29843418659589
2526  6.29849112349247
2527  6.29854803097613
2528  6.29860490908146
2529  6.29866175781929
2530  6.29871857722480
2531  6.29877536732486
2532  6.29883212814657
2533  6.29888885988403
2534  6.29894556222933
2535  6.29900223537305
2536  6.29905887934914
2537  6.29911549418056
2538  6.29917207988105
2539  6.29922863650257
2540  6.29928516405839
2541  6.29934166257384
2542  6.29939813207698
2543  6.29945457260286
2544  6.29951098418935
2545  6.29956736681509
2546  6.29962372053495
2547  6.29968004537440
2548  6.29973634136058
2549  6.29979260854750
2550  6.29984884691113
2551  6.29990505649549
2552  6.29996123731750
2553  6.30001738942811
2554  6.30007351284196
2555  6.30012960757354
2556  6.30018567367280
2557  6.30024171115930
2558  6.30029772004981
2559  6.30035370036270
2560  6.30040965214293
2561  6.30046557540856
2562  6.30052147018506
2563  6.30057733649828
2564  6.30063317437401
2565  6.30068898383708
2566  6.30074476492273
2567  6.30080051763965
2568  6.30085624202130
2569  6.30091193809378
2570  6.30096760587035
2571  6.30102324540124
2572  6.30107885670766
2573  6.30113443978662
2574  6.30118999469555
2575  6.30124552144793
2576  6.30130102017915
2577  6.30135649068784
2578  6.30141193275209
2579  6.30146734700082
2580  6.30152273334444
2581  6.30157809169121
2582  6.30163342210323
2583  6.30168872450713
2584  6.30174399898159
2585  6.30179924555194
2586  6.30185446424372
2587  6.30190965487216
2588  6.30196481788026
2589  6.30201995308386
2590  6.30207506049638
2591  6.30213014019415
2592  6.30218519213393
2593  6.30224021636869
2594  6.30229521313027
2595  6.30235018202985
2596  6.30240512333532
2597  6.30246003699844
2598  6.30251492307941
2599  6.30256978160429
2600  6.30262461259691
2601  6.30267941609004
2602  6.30273419209230
2603  6.30278894063612
2604  6.30284366174585
2605  6.30289835543391
2606  6.30295302174820
2607  6.30300766070145
2608  6.30306227230679
2609  6.30311685661169
2610  6.30317141386309
2611  6.30322594362505
2612  6.30328044613919
2613  6.30333492143778
2614  6.30338936954531
2615  6.30344379049402
2616  6.30349818434481
2617  6.30355255102350
2618  6.30360689060744
2619  6.30366120335588
2620  6.30371548882159
2621  6.30376974726394
2622  6.30382397870427
2623  6.30387818315308
2624  6.30393236066272
2625  6.30398651124517
2626  6.30404063492058
2627  6.30409473171954
2628  6.30414880166209
2629  6.30420284477902
2630  6.30425686108255
2631  6.30431085059933
2632  6.30436481335389
2633  6.30441874937146
2634  6.30447265867454
2635  6.30452654128592
2636  6.30458039723104
2637  6.30463422688548
2638  6.30468802956544
2639  6.30474180567770
2640  6.30479555518675
2641  6.30484927814298
2642  6.30490297457559
2643  6.30495662230981
2644  6.30501026577076
2645  6.30506388275538
2646  6.30511747330594
2647  6.30517103744150
2648  6.30522457518768
2649  6.30527808656923
2650  6.30533157160964
2651  6.30538503033154
2652  6.30543846275705
2653  6.30549186891029
2654  6.30554524881430
2655  6.30559860249830
2656  6.30565192997399
2657  6.30570523127367
2658  6.30575850641118
2659  6.30581175539995
2660  6.30586497836535
2661  6.30591817519012
2662  6.30597134591034
2663  6.30602449059815
2664  6.30607760926472
2665  6.30613070193241
2666  6.30618376866487
2667  6.30623681020194
2668  6.30628982500970
2669  6.30634281401349
2670  6.30639577703533
2671  6.30644871419203
2672  6.30650162550323
2673  6.30655451111021
2674  6.30660737081069
2675  6.30666020473238
2676  6.30671301290206
2677  6.30676579533096
2678  6.30681855206575
2679  6.30687128311616
2680  6.30692398849194
2681  6.30697666823906
2682  6.30702932236948
2683  6.30708195090374
2684  6.30713455387027
2685  6.30718713128963
2686  6.30723968316993
2687  6.30729220957107
2688  6.30734471045898
2689  6.30739718588340
2690  6.30744963586668
2691  6.30750206042985
2692  6.30755445962385
2693  6.30760683341368
2694  6.30765918185070
2695  6.30771150494337
2696  6.30776380273733
2697  6.30781607524339
2698  6.30786832247462
2699  6.30792054448319
2700  6.30797274125520
2701  6.30802491282541
2702  6.30807705927033
2703  6.30812918050268
2704  6.30818127659809
2705  6.30823334757817
2706  6.30828539346481
2707  6.30833741428011
2708  6.30838941000468
2709  6.30844138074008
2710  6.30849332646719
2711  6.30854524720863
2712  6.30859714298462
2713  6.30864901383450
2714  6.30870085973309
2715  6.30875268074332
2716  6.30880447699036
2717  6.30885624824985
2718  6.30890799468453
2719  6.30895971609029
2720  6.30901141277988
2721  6.30906308478368
2722  6.30910162831754
2723  6.30915324612806
2724  6.30920483910444
2725  6.30925640721516
2726  6.30930795083428
2727  6.30935946982250
2728  6.30941096416813
2729  6.30946243390755
2730  6.30951387906282
2731  6.30956529965460
2732  6.30961669569178
2733  6.30966806721928
2734  6.30971941424556
2735  6.30977073678200
2736  6.30982203488661
2737  6.30987330854087
2738  6.30992455777056
2739  6.30997578260176
2740  6.31002698306348
2741  6.31007815919362
2742  6.31012931096359
2743  6.31018043841197
2744  6.31023154156577
2745  6.31028262044574
2746  6.31033367507168
2747  6.31038470543432
2748  6.31043571160619
2749  6.31048669359656
2750  6.31053765141528
2751  6.31058858507111
2752  6.31063949460787
2753  6.31069038003434
2754  6.31074123789145
2755  6.31079207515987
2756  6.31084288837505
2757  6.31089367755892
2758  6.31094444273276
2759  6.31099518391847
2760  6.31104590113484
2761  6.31109659452014
2762  6.31114726385996
2763  6.31119790929087
2764  6.31124853083329
2765  6.31129912850772
2766  6.31134970233408
2767  6.31140025233236
2768  6.31145074123466
2769  6.31150103848247
2770  6.31155130921468
2771  6.31160155616996
2772  6.31165177935894
2773  6.31170197878989
2774  6.31175215450584
2775  6.31180230651485
2776  6.31185243483602
2777  6.31190253949045
2778  6.31195262049771
2779  6.31200267787680
2780  6.31205271164785
2781  6.31210272183933
2782  6.31215270845338
2783  6.31220267152559
2784  6.31225261106366
2785  6.31230252709111
2786  6.31235241962779
2787  6.31240228872407
2788  6.31245213434045
2789  6.31250195651315
2790  6.31255175528567
2791  6.31260153072126
2792  6.31265128274694
2793  6.31270101140135
2794  6.31276415961657
2795  6.31281384634059
2796  6.31286350992004
2797  6.31291315023116
2798  6.31296276727844
2799  6.31301236108803
2800  6.31306193168058
2801  6.31311147907447
2802  6.31316100328887
2803  6.31321050471198
2804  6.31325998264188
2805  6.31330943743909
2806  6.31335886912838
2807  6.31340827751404
2808  6.31345766305235
2809  6.31350702555039
2810  6.31355636502154
2811  6.31360568148189
2812  6.31365497495891
2813  6.31370434219416
2814  6.31375425243487
2815  6.31380415732927
2816  6.31385403904648
2817  6.31390389760509
2818  6.31395373302460
2819  6.31398993962321
2820  6.31403972405496
2821  6.31408948528382
2822  6.31413922345749
2823  6.31418893857804
2824  6.31423863067331
2825  6.31428829977039
2826  6.31433794587210
2827  6.31438756899362
2828  6.31443716917720
2829  6.31448674643067
2830  6.31453630076067
2831  6.31458583220875
2832  6.31463534078240
2833  6.31468482650070
2834  6.31473428938235
2835  6.31478372945412
2836  6.31483314671800
2837  6.31488254120106
2838  6.31493191295178
2839  6.31498126201191
2840  6.31503058831544
2841  6.31507989185517
2842  6.31512917271392
2843  6.31517843094051
2844  6.31522766714613
2845  6.31527688007459
2846  6.31532607038386
2847  6.31537523811497
2848  6.31541088321598
2849  6.31545975378953
2850  6.31550884896753
2851  6.31555792163958
2852  6.31560697181136
2853  6.31565599949551
2854  6.31570500471183
2855  6.31575348110033
2856  6.31580179835507
2857  6.31585009346562
2858  6.31589836644793
2859  6.31594661714367
2860  6.31599484592503
2861  6.31604305263235
2862  6.31609123669443
2863  6.31613939930792
2864  6.31618753990064
2865  6.31623565848252
2866  6.31628375504968
2867  6.31633182960018
2868  6.31637988218712
2869  6.31642791282403
2870  6.31647592155332
2871  6.31652390837940
2872  6.31657187332150
2873  6.31661981639626
2874  6.31666773762205
2875  6.31671563701584
2876  6.31677486651613
2877  6.31682521837398
2878  6.31687305722293
2879  6.31692087433673
2880  6.31696866971511
2881  6.31701644335843
2882  6.31706419534999
2883  6.31711192542078
2884  6.31715963399198
2885  6.31720732089475
2886  6.31725498617139
2887  6.31730262982642
2888  6.31735025187819
2889  6.31739785233863
2890  6.31744543126359
2891  6.31749298860747
2892  6.31754052441757
2893  6.31758803871032
2894  6.31763553151095
2895  6.31768300285099
2896  6.31773045269635
2897  6.31777788109354
2898  6.31782528806010
2899  6.31787267361383
2900  6.31792003777002
2901  6.31796738054818
2902  6.31801470196915
2903  6.31806200204169
2904  6.31810928078432
2905  6.31815653820463
2906  6.31820377434249
2907  6.31825102719024
2908  6.31829840535404
2909  6.31834576361287
2910  6.31839310067099
2911  6.31844041654596
2912  6.31848771137516
2913  6.31853498493438
2914  6.31858223736104
2915  6.31862946867101
2916  6.31867667889066
2917  6.31872386801936
2918  6.31877103608281
2919  6.31881818309834
2920  6.31886530908139
2921  6.31891241405447
2922  6.31895949802562
2923  6.31900656101242
2924  6.31905360302621
2925  6.31910062409669
2926  6.31914762423795
2927  6.31919460346423
2928  6.31924156177941
2929  6.31928849923253
2930  6.31933541581145
2931  6.31938231154252
2932  6.31942918644081
2933  6.31947604052255
2934  6.31952287380477
2935  6.31956968631159
2936  6.31961647804426
2937  6.31966324902626
2938  6.31970999933018
2939  6.31975672886000
2940  6.31980343768985
2941  6.31985012583095
2942  6.31989679330230
2943  6.31994344012901
2944  6.31999006632989
2945  6.32003667189329
2946  6.32008325685254
2947  6.32012982122452
2948  6.32017636504311
2949  6.32022288829817
2950  6.32026939100623
2951  6.32031587319150
2952  6.32036233487079
2953  6.32040877606072
2954  6.32045519677610
2955  6.32050159715247
2956  6.32054797697572
2957  6.32059433636484
2958  6.32064067534491
2959  6.32068699397958
2960  6.32073329221809
2961  6.32077957006431
2962  6.32082582757043
2963  6.32087206474276
2964  6.32091828158813
2965  6.32096447814599
2966  6.32101065442201
2967  6.32105681043217
2968  6.32110294618060
2969  6.32114906171208
2970  6.32119515701746
2971  6.32124123211869
2972  6.32128728703301
2973  6.32133332177518
2974  6.32137933636242
2975  6.32142533080901
2976  6.32147130513993
2977  6.32151725941009
2978  6.32156319353142
2979  6.32160910757566
2980  6.32165500155782
2981  6.32170087551094
2982  6.32174672942218
2983  6.32179256332142
2984  6.32183837721332
2985  6.32188417110999
2986  6.32192994505123
2987  6.32197569904027
2988  6.32202143307957
2989  6.32206714720962
2990  6.32211284144116
2991  6.32215851577486
2992  6.32220417023376
2993  6.32224980483224
2994  6.32229541958635
2995  6.32234101451117
2996  6.32238658963178
2997  6.32243214494541
2998  6.32247768050630
2999  6.32252319626578
3000  6.32256869227655
3001  6.32261416855092
3002  6.32265962510074
3003  6.32270506194187
3004  6.32275047909859
3005  6.32279587656487
3006  6.32284125438362
3007  6.32288661255668
3008  6.32293195109961
3009  6.32297727001464
3010  6.32302256934974
3011  6.32306784909099
3012  6.32311310926283
3013  6.32315834987973
3014  6.32320357095658
3015  6.32324877250949
3016  6.32329395455200
3017  6.32333911710828
3018  6.32338426017707
3019  6.32342938378093
3020  6.32347448793599
3021  6.32351957265633
3022  6.32356463795620
3023  6.32360968386008
3024  6.32365471036534
3025  6.32369971748385
3026  6.32374470525333
3027  6.32378967367796
3028  6.32383462277187
3029  6.32387955253918
3030  6.32392446301781
3031  6.32396935421792
3032  6.32401422613857
3033  6.32405907880256
3034  6.32410391228100
3035  6.32414872647660
3036  6.32419352146454
3037  6.32423829725044
3038  6.32428305385136
3039  6.32432779128529
3040  6.32437250956503
3041  6.32441720870540
3042  6.32446188872204
3043  6.32450654962807
3044  6.32455118221726
3045  6.32459577779463
3046  6.32464035424838
3047  6.32468491161717
3048  6.32472944990242
3049  6.32477396911429
3050  6.32481846926751
3051  6.32486295038637
3052  6.32490741247928
3053  6.32495185559150
3054  6.32499627967798
3055  6.32504068478251
3056  6.32508507092089
3057  6.32512943813456
3058  6.32517378638850
3059  6.32521811570946
3060  6.32526242612149
3061  6.32530671763688
3062  6.32535099026998
3063  6.32539524366582
3064  6.32543947857887
3065  6.32548369465261
3066  6.32552789190236
3067  6.32557207032942
3068  6.32561622997311
3069  6.32566037083318
3070  6.32570449292602
3071  6.32574859625321
3072  6.32579268086038
3073  6.32583674695988
3074  6.32588079412341
3075  6.32592482264555
3076  6.32596883242709
3077  6.32601282354776
3078  6.32605679600488
3079  6.32610074982114
3080  6.32614468500998
3081  6.32618860158523
3082  6.32623250415302
3083  6.32627638354449
3084  6.32632024436501
3085  6.32636408663591
3086  6.32640791035444
3087  6.32645171553458
3088  6.32649550220527
3089  6.32653927037570
3090  6.32658302006627
3091  6.32662675127510
3092  6.32667046400996
3093  6.32671415831130
3094  6.32675783417904
3095  6.32680149162840
3096  6.32684513067139
3097  6.32688875132276
3098  6.32693235359595
3099  6.32697593751295
3100  6.32701950307136
3101  6.32706305029260
3102  6.32710657919193
3103  6.32715008978053
3104  6.32719358208170
3105  6.32723705609320
3106  6.32728051183512
3107  6.32732394932211
3108  6.32736736855884
3109  6.32741076960391
3110  6.32745415240652
3111  6.32749751700947
3112  6.32754086342442
3113  6.32758419166215
3114  6.32762750177202
3115  6.32767079370661
3116  6.32771406750656
3117  6.32775732319496
3118  6.32780056076883
3119  6.32784378024922
3120  6.32788698164983
3121  6.32793016498496
3122  6.32797333039126
3123  6.32801647763302
3124  6.32805960685005
3125  6.32810271805304
3126  6.32814581126477
3127  6.32818888649800
3128  6.32823194374753
3129  6.32827498303220
3130  6.32831800434980
3131  6.32836100776404
3132  6.32840399324912
3133  6.32844696082828
3134  6.32848991055899
3135  6.32853284236339
3136  6.32857575630121
3137  6.32861865238530
3138  6.32866153062803
3139  6.32870439104463
3140  6.32874723365304
3141  6.32879005845242
3142  6.32883286546470
3143  6.32887565470096
3144  6.32891842565016
3145  6.32896117937504
3146  6.32900391536356
3147  6.32904663362879
3148  6.32908933418114
3149  6.32913201703579
3150  6.32917468220602
3151  6.32921732969320
3152  6.32925995953424
3153  6.32930257172955
3154  6.32934516630124
3155  6.32938774323362
3156  6.32943030257174
3157  6.32947284433506
3158  6.32951537134977
3159  6.32955787796682
3160  6.32960036702918
3161  6.32964283854932
3162  6.32968529253956
3163  6.32972772901375
3164  6.32977014798448
3165  6.32981254946471
3166  6.32985493346578
3167  6.32989730004052
3168  6.32993964960091
3169  6.32998198140683
3170  6.33002429562449
3171  6.33006659246480
3172  6.33010887197752
3173  6.33015113398975
3174  6.33019337862591
3175  6.33023560613315
3176  6.33027781611198
3177  6.33032000868198
3178  6.33036218393995
3179  6.33040434188376
3180  6.33044648252635
3181  6.33048860588973
3182  6.33053071196958
3183  6.33057280077012
3184  6.33061487231884
3185  6.33065692664299
3186  6.33069896373665
3187  6.33074098361865
3188  6.33078298630021
3189  6.33082497179633
3190  6.33086694011628
3191  6.33090889127354
3192  6.33095082528090
3193  6.33099274214888
3194  6.33103464188241
3195  6.33107652452050
3196  6.33111839005050
3197  6.33116023849340
3198  6.33120206985218
3199  6.33124388415441
3200  6.33128568148701
3201  6.33132746172556
3202  6.33136922490889
3203  6.33141097107919
3204  6.33145270024515
3205  6.33149441242218
3206  6.33153610762041
3207  6.33157778585377
3208  6.33161944714407
3209  6.33166109150604
3210  6.33170271893100
3211  6.33174432943891
3212  6.33178592303782
3213  6.33182749974882
3214  6.33186905958014
3215  6.33191060252747
3216  6.33195212874374
3217  6.33199363800577
3218  6.33203513043076
3219  6.33207660599818
3220  6.33211806478403
3221  6.33215950679196
3222  6.33220093201807
3223  6.33224234047073
3224  6.33228373215835
3225  6.33232510713416
3226  6.33236646533873
3227  6.33240780682523
3228  6.33244913159412
3229  6.33249043969933
3230  6.33253173108114
3231  6.33257300578724
3232  6.33261426383144
3233  6.33265550522199
3234  6.33269673000698
3235  6.33273793816904
3236  6.33277912972320
3237  6.33282030471586
3238  6.33286146308353
3239  6.33290260485795
3240  6.33294373006237
3241  6.33298483870475
3242  6.33302593055773
3243  6.33306700612556
3244  6.33310806516829
3245  6.33314910770090
3246  6.33319013373559
3247  6.33323114328849
3248  6.33327213636283
3249  6.33331311297348
3250  6.33335407314140
3251  6.33339501725730
3252  6.33343594454958
3253  6.33347685542564
3254  6.33351774989768
3255  6.33355862798035
3256  6.33359948967734
3257  6.33364033500582
3258  6.33368116397505
3259  6.33372197658575
3260  6.33376277287906
3261  6.33380355284449
3262  6.33384431649859
3263  6.33388506385315
3264  6.33392579490636
3265  6.33396650968667
3266  6.33400720819783
3267  6.33404789046674
3268  6.33408855644076
3269  6.33412920622956
3270  6.33416979816830
3271  6.33421040129784
3272  6.33425100245008
3273  6.33429158741328
3274  6.33433215621483
3275  6.33437270884610
3276  6.33441324532591
3277  6.33445376566674
3278  6.33449426988759
3279  6.33453475798416
3280  6.33457523019570
3281  6.33461568643165
3282  6.33465612658807
3283  6.33469655067617
3284  6.33473695873559
3285  6.33477735071673
3286  6.33481772665037
3287  6.33485808657050
3288  6.33489843051508
3289  6.33493875841724
3290  6.33497907032556
3291  6.33501936626043
3292  6.33505964622186
3293  6.33509991022289
3294  6.33514015827865
3295  6.33518039040689
3296  6.33522060660019
3297  6.33526080688335
3298  6.33530099126450
3299  6.33534115975423
3300  6.33538131236441
3301  6.33542144910678
3302  6.33546157000035
3303  6.33550167503878
3304  6.33554176422942
3305  6.33558183761608
3306  6.33562189518157
3307  6.33566193694558
3308  6.33570196291889
3309  6.33574197310879
3310  6.33578196753266
3311  6.33582194619958
3312  6.33586190911899
3313  6.33590185630344
3314  6.33594178776308
3315  6.33598170350818
3316  6.33602160352353
3317  6.33606148785735
3318  6.33610135651438
3319  6.33614120951125
3320  6.33618104684268
3321  6.33622086852448
3322  6.33626067457052
3323  6.33630046499840
3324  6.33634023980239
3325  6.33637999900246
3326  6.33641974259789
3327  6.33645947062081
3328  6.33649918307380
3329  6.33653887996232
3330  6.33657856130972
3331  6.33661822709705
3332  6.33665787736701
3333  6.33669751212658
3334  6.33673713137959
3335  6.33677673514582
3336  6.33681632342211
3337  6.33685589623191
3338  6.33689545356910
3339  6.33693499545130
3340  6.33697453746049
3341  6.33701404847155
3342  6.33705354309065
3343  6.33709302332099
3344  6.33713248810397
3345  6.33717193752045
3346  6.33721137152198
3347  6.33725079016058
3348  6.33729019356912
3349  6.33732958151552
3350  6.33736895411112
3351  6.33740831138668
3352  6.33744765333675
3353  6.33748697998705
3354  6.33752629132515
3355  6.33756558739223
3356  6.33760486818031
3357  6.33764413370978
3358  6.33768338398928
3359  6.33772261902382
3360  6.33776183882131
3361  6.33780104340228
3362  6.33784023276799
3363  6.33787940693478
3364  6.33791856591521
3365  6.33795770972021
3366  6.33799683817189
3367  6.33803595158067
3368  6.33807504990265
3369  6.33811413309006
3370  6.33815320114788
3371  6.33819225407601
3372  6.33823129191397
3373  6.33827031465910
3374  6.33830932231053
3375  6.33834831488991
3376  6.33838729238859
3377  6.33842625483496
3378  6.33846520224320
3379  6.33850413461284
3380  6.33854305196693
3381  6.33858195429993
3382  6.33862084089674
3383  6.33865971323311
3384  6.33869857058744
3385  6.33873741296877
3386  6.33877624037497
3387  6.33881505284063
3388  6.33885385041644
3389  6.33889263300953
3390  6.33893140067389
3391  6.33897015342164
3392  6.33900889127251
3393  6.33904761425473
3394  6.33908632232926
3395  6.33912501553735
3396  6.33916369388874
3397  6.33920235738614
3398  6.33924100604235
3399  6.33927963985962
3400  6.33931825899047
3401  6.33935686319343
3402  6.33939545258789
3403  6.33943402719702
3404  6.33947258702218
3405  6.33951113207591
3406  6.33954966237085
3407  6.33958817794611
3408  6.33962667875939
3409  6.33966516483429
3410  6.33970363622424
3411  6.33974209286880
3412  6.33978053481255
3413  6.33981896206686
3414  6.33985737464034
3415  6.33989577254359
3416  6.33993415579514
3417  6.33997252438477
3418  6.34001087833713
3419  6.34004921765996
3420  6.34008754236217
3421  6.34012585244910
3422  6.34016414793618
3423  6.34020242882832
3424  6.34024069514223
3425  6.34027894689434
3426  6.34031718407665
3427  6.34035540670667
3428  6.34039361479486
3429  6.34043180835147
3430  6.34046998739339
3431  6.34050815191432
3432  6.34054630193951
3433  6.34058443746559
3434  6.34062255850800
3435  6.34066066507685
3436  6.34069875718259
3437  6.34073683483947
3438  6.34077489804850
3439  6.34081294682915
3440  6.34085098181096
3441  6.34088900173948
3442  6.34092700726524
3443  6.34096499839688
3444  6.34100297514134
3445  6.34104093751682
3446  6.34107888551422
3447  6.34111681895919
3448  6.34115473825568
3449  6.34119264321483
3450  6.34123053384456
3451  6.34126840995255
3452  6.34130627196175
3453  6.34134411972461
3454  6.34138195314399
3455  6.34141977227656
3456  6.34145757713677
3457  6.34149536773648
3458  6.34153314408386
3459  6.34157090660418
3460  6.34160865447672
3461  6.34164638813325
3462  6.34168410756777
3463  6.34172181279884
3464  6.34175950382197
3465  6.34179718067227
3466  6.34183484334537
3467  6.34187249185998
3468  6.34191012621819
3469  6.34194774643193
3470  6.34198535250423
3471  6.34202294444049
3472  6.34206052225737
3473  6.34209808599384
3474  6.34213563560728
3475  6.34217317114592
3476  6.34221069258624
3477  6.34224819994611
3478  6.34228569324278
3479  6.34232317248616
3480  6.34236063768400
3481  6.34239808885398
3482  6.34243552599227
3483  6.34247294912020
3484  6.34251035823394
3485  6.34254775335014
3486  6.34258513447729
3487  6.34262250161366
3488  6.34265985479115
3489  6.34269719398220
3490  6.34273451924119
3491  6.34277183056702
3492  6.34280912795726
3493  6.34284641141109
3494  6.34288368096301
3495  6.34292093660824
3496  6.34295817836603
3497  6.34299540622808
3498  6.34303262021873
3499  6.34306982039548
3500  6.34310700665091
3501  6.34314417905664
3502  6.34318133762021
3503  6.34321848235129
3504  6.34325561326755
3505  6.34329273036943
3506  6.34332983365929
3507  6.34336692315471
3508  6.34340399886311
3509  6.34344106079302
3510  6.34347810895517
3511  6.34351514335259
3512  6.34355216400467
3513  6.34358917092228
3514  6.34362616410079
3515  6.34366313261466
3516  6.34370009835231
3517  6.34373705037434
3518  6.34377398871265
3519  6.34381091337055
3520  6.34384782435024
3521  6.34388472165324
3522  6.34392160529620
3523  6.34395847528708
3524  6.34399533163534
3525  6.34403217435119
3526  6.34406900344964
3527  6.34410581892444
3528  6.34414262080158
3529  6.34417940907214
3530  6.34421618375393
3531  6.34425294485536
3532  6.34428969238717
3533  6.34432642638523
3534  6.34436314681058
3535  6.34439985367791
3536  6.34443654701311
3537  6.34447322685287
3538  6.34450989314296
3539  6.34454654592472
3540  6.34458318519832
3541  6.34461981041740
3542  6.34465642272546
3543  6.34469302156681
3544  6.34472960693606
3545  6.34476617880112
3546  6.34480273726604
3547  6.34483928229141
3548  6.34487581389309
3549  6.34491233207049
3550  6.34494883684170
3551  6.34498532820113
3552  6.34502180616474
3553  6.34505827074176
3554  6.34509472194245
3555  6.34513115977356
3556  6.34516758425122
3557  6.34520399537000
3558  6.34524039315351
3559  6.34527677758302
3560  6.34531314869987
3561  6.34534950649984
3562  6.34538585099149
3563  6.34542218217009
3564  6.34545850007491
3565  6.34549480468877
3566  6.34553109609474
3567  6.34556737417405
3568  6.34560363899820
3569  6.34563988972225
3570  6.34567612548816
3571  6.34571234804361
3572  6.34574855738358
3573  6.34578475353073
3574  6.34582093647956
3575  6.34585710624404
3576  6.34589326283553
3577  6.34592940625981
3578  6.34596553652815
3579  6.34600165365383
3580  6.34603775764010
3581  6.34607384848515
3582  6.34610992620756
3583  6.34614599080366
3584  6.34618204230492
3585  6.34621808070797
3586  6.34625410602794
3587  6.34629011825914
3588  6.34632611742550
3589  6.34636210350761
3590  6.34639807667970
3591  6.34643403667135
3592  6.34646998362350
3593  6.34650591754464
3594  6.34654183844977
3595  6.34657774633350
3596  6.34661364121969
3597  6.34664952310014
3598  6.34668539199287
3599  6.34672124793580
3600  6.34675709087546
3601  6.34679292085153
3602  6.34682873791021
3603  6.34686454199081
3604  6.34690033312400
3605  6.34693611132685
3606  6.34697187660571
3607  6.34700762895967
3608  6.34702594036509
3609  6.34706166214380
3610  6.34709737092773
3611  6.34713306683854
3612  6.34716874986678
3613  6.34720442001842
3614  6.34724007738691
3615  6.34727572184599
3616  6.34731135346647
3617  6.34734697235441
3618  6.34738257832391
3619  6.34741817147386
3620  6.34745375181506
3621  6.34748931935677
3622  6.34752487410732
3623  6.34756041607643
3624  6.34759594527542
3625  6.34763164762573
3626  6.34766721325323
3627  6.34770270422410
3628  6.34773818245142
3629  6.34777364794413
3630  6.34780910071077
3631  6.34784454076013
3632  6.34787996809508
3633  6.34791538273272
3634  6.34795078468517
3635  6.34798617394374
3636  6.34802155052592
3637  6.34805691446047
3638  6.34809226569915
3639  6.34812760429599
3640  6.34816293025595
3641  6.34819824357032
3642  6.34823354426399
3643  6.34826883232914
3644  6.34830410778076
3645  6.34833937076093
3646  6.34837462101055
3647  6.34840985867142
3648  6.34844508375859
3649  6.34848029627140
3650  6.34851549621149
3651  6.34855068359517
3652  6.34858585842879
3653  6.34862102072194
3654  6.34865617048245
3655  6.34869130772424
3656  6.34872643242836
3657  6.34876154464183
3658  6.34879664434629
3659  6.34883173155701
3660  6.34886680652699
3661  6.34890186877429
3662  6.34893691854022
3663  6.34897195585787
3664  6.34900698071788
3665  6.34904199317074
3666  6.34907699314395
3667  6.34911198068683
3668  6.34914695583813
3669  6.34918191854144
3670  6.34921686883819
3671  6.34925180674318
3672  6.34928673224919
3673  6.34932164537853
3674  6.34935654612385
3675  6.34939143449985
3676  6.34942631051559
3677  6.34946117417734
3678  6.34949602549344
3679  6.34953086448085
3680  6.34956569113869
3681  6.34960047741469
3682  6.34963527942316
3683  6.34967006918576
3684  6.34970484658899
3685  6.34973961170141
3686  6.34977436453457
3687  6.34980910507773
3688  6.34984383335015
3689  6.34987854930715
3690  6.34991325301562
3691  6.34994794448247
3692  6.34998262371558
3693  6.35001729072146
3694  6.35005194619182
3695  6.35008658877036
3696  6.35012121915265
3697  6.35015583733230
3698  6.35019044332336
3699  6.35022503713490
3700  6.35025961877309
3701  6.35029418824676
3702  6.35032874559584
3703  6.35036329076143
3704  6.35039782379416
3705  6.35043234468267
3706  6.35046685343367
3707  6.35050135007531
3708  6.35053583460635
3709  6.35057030703226
3710  6.35060476736798
3711  6.35063921560706
3712  6.35067365176050
3713  6.35070807584449
3714  6.35074248786003
3715  6.35077688781781
3716  6.35081127572285
3717  6.35084565158471
3718  6.35088001541668
3719  6.35091436721705
3720  6.35094870699260
3721  6.35098303407361
3722  6.35101734982580
3723  6.35105165357712
3724  6.35108594533848
3725  6.35112022511379
3726  6.35115449291935
3727  6.35118874871830
3728  6.35122299251090
3729  6.35125722434639
3730  6.35129144423085
3731  6.35132565215746
3732  6.35135984820792
3733  6.35139403233036
3734  6.35142820449059
3735  6.35146236473750
3736  6.35149651310122
3737  6.35153064953422
