1  0.00000000000000
2  0.00000000000000
3  0.00000000000000
4  0.00000000000000
5  0.00000000000000
6  5.03618735845546
7  5.25867579751344
8  5.43627672085617
9  5.58384131191927
10  5.70984755979956
11  5.81959172286091
12  5.91660315821932
13  6.00336946946685
14  6.08171230003256
15  6.15300679637253
16  6.21831831191478
17  6.27848930017470
18  6.33419869316870
19  6.38600092876892
20  6.43435567832930
21  6.47964793111187
22  6.52220350023334
23  6.56229955624687
24  6.60017575510556
25  6.63603857795920
26  6.67006835493854
27  6.70242235352716
28  6.73324038034072
29  6.76264525074976
30  6.79074637854012
31  6.81764143058462
32  6.84341788623893
33  6.86815508261673
34  6.89192275665279
35  6.91478621688882
36  6.93680352476831
37  6.95802780578828
38  6.97850772024810
39  6.99828745659911
40  7.01740678261309
41  7.03590478685628
42  7.05381506015274
43  7.07116937932478
44  7.08799712609778
45  7.10432551698546
46  7.12017980475272
47  7.13558346017232
48  7.15055818810918
49  7.16512428028413
50  7.17930184427452
51  7.19310741054418
52  7.20655709173631
53  7.21966861983482
54  7.23245485312346
55  7.24493008059836
56  7.25710723682861
57  7.26899849462139
58  7.28061535681213
59  7.29196865454992
60  7.30306862952081
61  7.31392495470906
62  7.32454679430883
63  7.33494282524803
64  7.34512127373194
65  7.35508994275375
66  7.36485624205442
67  7.37442721208525
68  7.38380954729055
69  7.39300961657712
70  7.40203348446727
71  7.41088720249595
72  7.41957610923155
73  7.42810544331848
74  7.43648024908970
75  7.44470533892736
76  7.45278529825207
77  7.46072453484145
78  7.46852726299966
79  7.47619751793149
80  7.48373916770974
81  7.49115592175973
82  7.49845133774292
83  7.50562883257735
84  7.51269168479472
85  7.51964304699609
86  7.52648595814265
87  7.53322331373903
88  7.53985792664469
89  7.54639249544121
90  7.55282961903155
91  7.55917180339394
92  7.56542145668356
93  7.57158077927355
94  7.57765213204928
95  7.58363770067246
96  7.58953957005868
97  7.59535975875320
98  7.60110021762844
99  7.60676283043448
100  7.61234941817995
101  7.61786152581032
102  7.62330192812360
103  7.62867064989482
104  7.63396991181193
105  7.63920190098849
106  7.64436811591195
107  7.64946752793180
108  7.65450504336964
109  7.65948024196015
110  7.66439471485882
111  7.66924974582119
112  7.67404658087915
113  7.67878642970908
114  7.68347046660037
115  7.68809983179638
116  7.69267563328514
117  7.69719894747033
118  7.70166885151835
119  7.70609453328669
120  7.71046651868810
121  7.71479003580059
122  7.71906566455442
123  7.72329445333621
124  7.72747743023440
125  7.73161545250119
126  7.73570935699292
127  7.73975995641888
128  7.74376804223819
129  7.74773438764716
130  7.75165974436526
131  7.75554484478177
132  7.75939040336757
133  7.76319711624682
134  7.76696566628165
135  7.77069671202147
136  7.77439089865518
137  7.77804885663242
138  7.78167120063309
139  7.78525853087529
140  7.78881138394602
141  7.79233042996572
142  7.79581617794287
143  7.79926917417512
144  7.80268995101379
145  7.80607902869937
146  7.80943691594793
147  7.81276410973910
148  7.81606109581860
149  7.81932834921975
150  7.82256633378704
151  7.82577550355367
152  7.82895630275442
153  7.83210916564606
154  7.83523451682034
155  7.83833277295256
156  7.84140433889269
157  7.84444961357153
158  7.84746898740696
159  7.85046284121801
160  7.85343159233916
161  7.85637557695375
162  7.85929514368615
163  7.86219064365019
164  7.86506241087669
165  7.86791079790868
166  7.87073613287864
167  7.87353873542282
168  7.87631892288283
169  7.87907700583791
170  7.88181328942027
171  7.88452807219188
172  7.88722164732645
173  7.88989430234392
174  7.89254631880588
175  7.89517797290939
176  7.89778954285641
177  7.90038128088624
178  7.90295344863652
179  7.90550631075916
180  7.90804011984866
181  7.91055512158367
182  7.91305155658792
183  7.91552966250776
184  7.91798967348804
185  7.92043181862483
186  7.92285632301484
187  7.92526340814934
188  7.92765329120443
189  7.93002612520626
190  7.93238224053940
191  7.93472178310907
192  7.93704495328111
193  7.93935194360303
194  7.94164295542658
195  7.94391818209732
196  7.94617781232340
197  7.94842203167180
198  7.95065102272788
199  7.95286496491410
200  7.95506403413811
201  7.95724840469400
202  7.95941824526610
203  7.96157373019711
204  7.96371501605865
205  7.96584226838968
206  7.96795564822903
207  7.97005531187554
208  7.97214141387942
209  7.97421410654100
210  7.97627353956656
211  7.97831986037219
212  7.98035321415345
213  7.98237374339934
214  7.98438158874733
215  7.98637688854097
216  7.98835976779302
217  7.99033037922031
218  7.99228885149712
219  7.99423531040395
220  7.99616988159404
221  7.99809269366780
222  8.00000387075328
223  8.00190353274628
224  8.00379180397031
225  8.00566880261921
226  8.00753464491410
227  8.00938944608330
228  8.01123331965253
229  8.01306637760090
230  8.01488873006974
231  8.01670048584557
232  8.01850175215354
233  8.02029262901878
234  8.02207282311845
235  8.02384266640587
236  8.02560246550083
237  8.02735231926432
238  8.02909232660207
239  8.03082669928332
240  8.03254884372647
241  8.03425991248098
242  8.03596151555114
243  8.03765374413478
244  8.03933668858373
245  8.04101043806340
246  8.04267508072916
247  8.04433070305280
248  8.04597739079717
249  8.04761522858491
250  8.04924429969073
251  8.05086468628322
252  8.05247287979517
253  8.05407973080944
254  8.05567454495144
255  8.05726099408385
256  8.05883915362996
257  8.06040909968998
258  8.06197090713007
259  8.06352464989399
260  8.06507040101345
261  8.06660823252246
262  8.06813821554507
263  8.06966042040293
264  8.07117491627414
265  8.07268177189023
266  8.07417648248076
267  8.07566652126633
268  8.07715083432733
269  8.07862777178644
270  8.08009739846854
271  8.08155977801583
272  8.08301481116018
273  8.08446229600476
274  8.08590264788643
275  8.08733596680258
276  8.08876231529975
277  8.09018175145949
278  8.09159433388446
279  8.09300011967333
280  8.09439916671559
281  8.09579153160208
282  8.09717726938788
283  8.09855643525529
284  8.09992908352082
285  8.10129526798590
286  8.10265504172753
287  8.10400845823349
288  8.10535556781654
289  8.10669641961174
290  8.10803106842894
291  8.10935956396669
292  8.11068195492531
293  8.11199829003241
294  8.11330861732772
295  8.11461298510401
296  8.11591144072959
297  8.11720403053282
298  8.11849080174266
299  8.11977179971767
300  8.12104706958747
301  8.12231665621585
302  8.12358060363405
303  8.12483895598189
304  8.12609175617407
305  8.12733904726453
306  8.12858087149748
307  8.12981727075327
308  8.13104828648062
309  8.13227395963281
310  8.13349433082784
311  8.13470944014211
312  8.13591932733266
313  8.13712402618813
314  8.13832358727385
315  8.13951804156993
316  8.14070742828103
317  8.14189178500092
318  8.14307114890916
319  8.14424005370739
320  8.14540744825430
321  8.14657202957315
322  8.14773176269789
323  8.14888668327140
324  8.15003682645089
325  8.15118222683047
326  8.15232291871547
327  8.15345893595546
328  8.15459031205211
329  8.15571707980795
330  8.15683927287318
331  8.15795692361146
332  8.15907006429998
333  8.16017872655307
334  8.16128294177153
335  8.16238274155813
336  8.16347815760607
337  8.16456919368719
338  8.16565569514358
339  8.16673785976554
340  8.16781575322765
341  8.16888940486996
342  8.16995884381424
343  8.17102409893941
344  8.17208519858223
345  8.17314217115568
346  8.17419504459955
347  8.17524384659241
348  8.17628860448906
349  8.17732934465190
350  8.17836609546878
351  8.17939888326470
352  8.18042773416196
353  8.18145267424785
354  8.18247372936396
355  8.18349092527356
356  8.18450428729949
357  8.18551384090788
358  8.18651961077086
359  8.18752162170954
360  8.18851989798452
361  8.18951446432449
362  8.19050534445626
363  8.19149256228392
364  8.19247614133264
365  8.19345610498313
366  8.19443254645060
367  8.19540537457387
368  8.19637463031286
369  8.19734036202383
370  8.19830259212437
371  8.19926134262827
372  8.20021663555713
373  8.20116849260982
374  8.20211693545977
375  8.20306198513019
376  8.20400366293772
377  8.20494199147482
378  8.20587699278848
379  8.20680868003338
380  8.20773707831444
381  8.20866220781064
382  8.20958408851322
383  8.21050274033407
384  8.21141818279785
385  8.21233043579702
386  8.21323951855554
387  8.21414545019651
388  8.21504824991957
389  8.21594793653012
390  8.21684452861998
391  8.21773804484542
392  8.21862850343907
393  8.21951592292799
394  8.22040032124663
395  8.22128171629626
396  8.22216012629789
397  8.22303556997683
398  8.22390806359864
399  8.22477762417482
400  8.22564426895307
401  8.22650801497302
402  8.22736887913417
403  8.22822687818392
404  8.22908202581906
405  8.22993434442289
406  8.23078384742210
407  8.23163055100566
408  8.23247447118836
409  8.23331562396418
410  8.23415402514156
411  8.23498969050128
412  8.23582263548086
413  8.23665288215118
414  8.23748044205965
415  8.23830532778761
416  8.23912755446757
417  8.23994713702910
418  8.24076409032948
419  8.24157842895880
420  8.24239016773196
421  8.24319932109653
422  8.24400590330946
423  8.24480992886563
424  8.24561141158705
425  8.24641036553435
426  8.24720680467959
427  8.24800074285783
428  8.24879219379536
429  8.24958117114274
430  8.25036768813835
431  8.25115175828086
432  8.25193339493528
433  8.25271261131428
434  8.25348942045406
435  8.25426383526182
436  8.25503586885307
437  8.25580553358054
438  8.25657284233675
439  8.25733780754358
440  8.25810044201532
441  8.25886075796900
442  8.25961876770990
443  8.26037448347400
444  8.26112791739214
445  8.26187908135893
446  8.26262798738605
447  8.26337464731487
448  8.26411907292285
449  8.26486127594034
450  8.26560126774681
451  8.26633905998100
452  8.26707466400349
453  8.26780809122169
454  8.26853935271776
455  8.26926845978311
456  8.26999542345653
457  8.27072025463165
458  8.27144296440927
459  8.27216356354683
460  8.27288206271203
461  8.27359847273703
462  8.27431280412632
463  8.27502506748383
464  8.27573527643159
465  8.27644343483099
466  8.27714955629726
467  8.27785365099110
468  8.27855572917178
469  8.27925580091035
470  8.27995387600760
471  8.28064996456577
472  8.28134407640331
473  8.28203622137160
474  8.28272640744741
475  8.28341464765722
476  8.28410094984579
477  8.28478532372123
478  8.28546777864647
479  8.28614832403986
480  8.28682696944439
481  8.28750372365783
482  8.28817859607823
483  8.28885159732538
484  8.28952273373698
485  8.29019201543918
486  8.29085945153547
487  8.29152505087113
488  8.29218882232796
489  8.29285077465800
490  8.29351091654009
491  8.29416925646870
492  8.29482580337189
493  8.29548056558564
494  8.29613355149388
495  8.29678476970305
496  8.29743422843470
497  8.29808193597819
498  8.29872790062110
499  8.29937213054419
500  8.30001465339396
501  8.30065544557751
502  8.30129451995212
503  8.30193189180256
504  8.30256756906971
505  8.30320155963887
506  8.30383387126484
507  8.30446451173742
508  8.30509348883177
509  8.30572081008553
510  8.30634648334573
511  8.30697051584006
512  8.30759291501716
513  8.30821368881274
514  8.30883284424964
515  8.30945038888838
516  8.31006633003893
517  8.31068067486302
518  8.31129343066796
519  8.31190460456985
520  8.31251420372993
521  8.31312223523217
522  8.31372870611598
523  8.31433362341650
524  8.31493699402441
525  8.31553882484216
526  8.31613912264048
527  8.31673789444499
528  8.31733514697155
529  8.31793088471538
530  8.31852511875390
531  8.31911785365154
532  8.31970909586300
533  8.32029885198899
534  8.32088712855589
535  8.32147393204503
536  8.32205926875958
537  8.32264314542177
538  8.32322556816280
539  8.32380654332239
540  8.32438607730663
541  8.32496417623584
542  8.32554084613044
543  8.32611609349091
544  8.32668992436002
545  8.32726234481484
546  8.32783336093190
547  8.32840297874171
548  8.32897120430776
549  8.32953804335301
550  8.33010350177782
551  8.33066758555439
552  8.33123030054966
553  8.33179165248049
554  8.33235164715437
555  8.33291029033694
556  8.33346758768154
557  8.33402354495072
558  8.33457816779068
559  8.33513146188426
560  8.33568343256157
561  8.33623408542620
562  8.33678342602782
563  8.33733145960383
564  8.33787819179642
565  8.33842362796851
566  8.33896777344691
567  8.33951063357958
568  8.34005221367046
569  8.34059251899169
570  8.34113155478458
571  8.34166913896925
572  8.34220542042285
573  8.34274044941459
574  8.34327423100526
575  8.34380677030417
576  8.34433807246299
577  8.34486814238009
578  8.34539698511253
579  8.34592460568723
580  8.34645100899934
581  8.34697620001939
582  8.34750018358137
583  8.34802296450213
584  8.34854454782108
585  8.34906493810026
586  8.34958414027295
587  8.35010215902747
588  8.35061899910396
589  8.35113466531181
590  8.35164916215289
591  8.35216249414222
592  8.35267466620677
593  8.35318568282537
594  8.35369554864292
595  8.35420426811503
596  8.35471184574576
597  8.35521828614113
598  8.35572359360684
599  8.35622777265533
600  8.35673082789223
601  8.35723276332410
602  8.35773358351112
603  8.35823329282528
604  8.35873189544526
605  8.35922939585316
606  8.35974037335473
607  8.36023570468101
608  8.36072994822779
609  8.36122310643283
610  8.36171518346013
611  8.36220618354669
612  8.36269612412333
613  8.36318498248915
614  8.36367277618951
615  8.36415950927397
616  8.36464518585540
617  8.36512980981758
618  8.36561338512404
619  8.36609591584676
620  8.36657740613922
621  8.36705785963280
622  8.36753728027062
623  8.36801567200479
624  8.36849303874190
625  8.36896938429189
626  8.36944471248346
627  8.36991902718731
628  8.37039233210920
629  8.37086463111595
630  8.37133592787866
631  8.37180622614592
632  8.37227552959442
633  8.37274384194722
634  8.37321116687357
635  8.37367750790905
636  8.37414286891388
637  8.37460725350430
638  8.37507066499576
639  8.37553310719075
640  8.37599458350985
641  8.37645509757794
642  8.37691465284317
643  8.37737325285222
644  8.37783090108631
645  8.37828760103904
646  8.37874335609441
647  8.37919816980575
648  8.37965204532331
649  8.38010498619934
650  8.38055699588243
651  8.38100807764945
652  8.38145823478812
653  8.38190747079004
654  8.38235578881536
655  8.38280319219468
656  8.38324968422105
657  8.38369526812842
658  8.38413994714499
659  8.38458372452988
660  8.38502660343067
661  8.38546858706688
662  8.38590967861858
663  8.38634988124406
664  8.38678919808521
665  8.38722763229020
666  8.38766518694609
667  8.38810186513222
668  8.38853766998392
669  8.38897260448526
670  8.38940667172580
671  8.38983987473943
672  8.39027221659400
673  8.39070370019372
674  8.39113432862062
675  8.39156410478818
676  8.39199303146474
677  8.39242111191043
678  8.39284834908718
679  8.39327474569420
680  8.39370030601303
681  8.39412503031759
682  8.39454892278623
683  8.39497198633518
684  8.39539422366553
685  8.39581563782804
686  8.39623623137031
687  8.39665600723848
688  8.39707496832437
689  8.39749311721988
690  8.39791045671982
691  8.39832659632315
692  8.39874063343229
693  8.39915377589849
694  8.39956611731494
695  8.39999439035446
696  8.40040516068753
697  8.40081513979829
698  8.40122820479147
699  8.40162555489746
700  8.40203900246635
701  8.40245165690566
702  8.40286352251491
703  8.40325758927102
704  8.40366301692159
705  8.40406674828152
706  8.40446830074098
707  8.40488892868428
708  8.40529038269075
709  8.40569107664134
710  8.40609148621264
711  8.40649237957884
712  8.40689258597057
713  8.40729204294441
714  8.40769075303458
715  8.40808871867552
716  8.40848594235690
717  8.40888242639340
718  8.40927817329966
719  8.40967319403532
720  8.41006747381385
721  8.41046102395467
722  8.41085384723641
723  8.41124594525874
724  8.41163731911035
725  8.41202797319077
726  8.41241790949579
727  8.41280713010407
728  8.41319563696995
729  8.41358343244801
730  8.41397051890372
731  8.41435689867557
732  8.41474257393043
733  8.41512754693251
734  8.41551181995279
735  8.41589539522611
736  8.41627827497654
737  8.41666046141855
738  8.41704195677895
739  8.41742276321473
740  8.41780288295323
741  8.41818231813763
742  8.41856107084326
743  8.41893914334368
744  8.41931653778793
745  8.41969325628035
746  8.42006930100250
747  8.42044467398567
748  8.42081937739007
749  8.42119341321271
750  8.42156678374364
751  8.42193949053531
752  8.42231153625468
753  8.42268292287287
754  8.42305365234059
755  8.42342372679956
756  8.42379314805871
757  8.42416191826160
758  8.42453003944125
759  8.42489751358633
760  8.42526434269396
761  8.42563052871355
762  8.42599607374402
763  8.42636097964211
764  8.42672524838859
765  8.42708888197782
766  8.42745188227843
767  8.42781425126454
768  8.42817599095347
769  8.42853710311955
770  8.42889758974735
771  8.42925745274051
772  8.42961669401498
773  8.42997531547177
774  8.43033331889438
775  8.43069070620968
776  8.43104747927959
777  8.43140363996017
778  8.43175919014949
779  8.43211413158354
780  8.43246846607169
781  8.43282219558439
782  8.43317532188276
783  8.43352784679960
784  8.43387977208321
785  8.43423109945189
786  8.43458183076686
787  8.43493196780444
788  8.43528151233303
789  8.43563046611629
790  8.43597883090719
791  8.43632660848364
792  8.43667380052277
793  8.43702040906395
794  8.43736643530513
795  8.43771188118781
796  8.43805674844809
797  8.43840103878936
798  8.43874475390769
799  8.43908789549184
800  8.43943046522316
801  8.43977246481755
802  8.44011389585975
803  8.44045476007351
804  8.44079505909627
805  8.44113479460866
806  8.44147396817023
807  8.44181258143151
808  8.44215063604313
809  8.44248813364796
810  8.44282507581429
811  8.44316146413786
812  8.44349730025743
813  8.44381293341718
814  8.44414764687327
815  8.44448181135092
816  8.44481542992633
817  8.44514850447891
818  8.44548103599739
819  8.44581302632184
820  8.44614430473699
821  8.44647521717032
822  8.44680559299932
823  8.44713543385714
824  8.44746474124997
825  8.44779351644920
826  8.44812176123091
827  8.44844947704231
828  8.44877666539543
829  8.44910332787192
830  8.44942946570604
831  8.44975508051466
832  8.45008017377202
833  8.45040474694676
834  8.45072880150122
835  8.45105233889219
836  8.45137536059142
837  8.45169786790415
838  8.45201986248641
839  8.45234134571550
840  8.45266231915356
841  8.45298278381030
842  8.45330274132948
843  8.45362219310871
844  8.45394114064624
845  8.45425958520727
846  8.45457752826272
847  8.45489497120362
848  8.45521191542604
849  8.45552836224625
850  8.45584431305365
851  8.45615976923233
852  8.45647473186744
853  8.45678920286626
854  8.45710318330445
855  8.45741667452963
856  8.45772967787973
857  8.45804219468998
858  8.45835422632933
859  8.45866577412256
860  8.45897683930061
861  8.45928742312539
862  8.45959752708418
863  8.45990715236492
864  8.46021630034771
865  8.46052497235345
866  8.46083316952538
867  8.46114089322555
868  8.46144814476494
869  8.46175492535486
870  8.46206106240621
871  8.46236669192802
872  8.46267185315455
873  8.46297654735139
874  8.46328077577845
875  8.46358453968374
876  8.46388784020043
877  8.46419067878779
878  8.46449305656949
879  8.46479497481642
880  8.46509643466975
881  8.46539743739121
882  8.46569798421668
883  8.46599807629074
884  8.46629771487119
885  8.46659690117195
886  8.46689563637117
887  8.46719392166191
888  8.46749175826394
889  8.46778914729753
890  8.46808608997327
891  8.46838258746613
892  8.46867863962381
893  8.46897425024598
894  8.46926941920207
895  8.46956414763669
896  8.46985843667055
897  8.47015228755832
898  8.47044570131245
899  8.47073867912616
900  8.47103122211443
901  8.47132333141720
902  8.47161500817363
903  8.47190625361800
904  8.47219706864697
905  8.47248745469350
906  8.47277741244767
907  8.47306694322744
908  8.47335604825578
909  8.47364472850172
910  8.47393298481019
911  8.47422081867570
912  8.47450823106623
913  8.47479522304528
914  8.47508179569075
915  8.47536795007634
916  8.47565368727260
917  8.47593900834648
918  8.47622391438190
919  8.47650840641454
920  8.47679248547653
921  8.47707615268764
922  8.47735941568977
923  8.47764226221730
924  8.47792469985686
925  8.47820672990011
926  8.47848835325189
927  8.47876957103892
928  8.47905038411692
929  8.47933079353558
930  8.47961080035558
931  8.47989040564379
932  8.48016961032266
933  8.48044841540267
934  8.48072682192089
935  8.48100483095566
936  8.48128244334731
937  8.48155966016605
938  8.48183648240121
939  8.48211291103827
940  8.48238894705998
941  8.48266459144460
942  8.48293984507073
943  8.48321470913342
944  8.48348918446701
945  8.48376327201701
946  8.48403697276944
947  8.48431028757003
948  8.48458321759916
949  8.48485576375021
950  8.48512792686294
951  8.48539970793616
952  8.48567110791120
953  8.48594212767953
954  8.48621276826859
955  8.48648303056393
956  8.48675291559404
957  8.48702242403756
958  8.48729155699904
959  8.48756031546914
960  8.48782870014236
961  8.48809671208457
962  8.48836435208609
963  8.48863162120125
964  8.48889852018324
965  8.48916505009278
966  8.48943121170348
967  8.48969700594858
968  8.48996243371852
969  8.49022749592098
970  8.49049219342490
971  8.49075652656375
972  8.49102049808810
973  8.49128410671271
974  8.49154735385916
975  8.49181024088080
976  8.49207276856338
977  8.49233493777324
978  8.49259674938018
979  8.49285820288711
980  8.49311930136254
981  8.49338004498918
982  8.49364043391974
983  8.49390046937565
984  8.49416015216992
985  8.49441948316733
986  8.49467846320503
987  8.49493709311707
988  8.49519537377746
989  8.49545330626527
990  8.49571089077874
991  8.49596812847602
992  8.49622502017754
993  8.49648156670135
994  8.49673776886187
995  8.49699362749202
996  8.49724914338571
997  8.49750431731883
998  8.49775915012047
999  8.49801364267926
1000  8.49826779585203
1001  8.49852161003448
1002  8.49877508627759
1003  8.49902822546871
1004  8.49928102823894
1005  8.49953349547961
1006  8.49978562784858
1007  8.50003742593654
1008  8.50028889096202
1009  8.50054002364747
1010  8.50079082465201
1011  8.50104129475672
1012  8.50129143466839
1013  8.50154124519472
1014  8.50179072709800
1015  8.50203988113785
1016  8.50228870807207
1017  8.50253720865548
1018  8.50278538595872
1019  8.50303323608832
1020  8.50328076211943
1021  8.50352796479465
1022  8.50377484488253
1023  8.50402140309498
1024  8.50426764015516
1025  8.50451355681586
1026  8.50475915369402
1027  8.50500443175161
1028  8.50524939159469
1029  8.50549403394687
1030  8.50573835953935
1031  8.50598236913214
1032  8.50622606336787
1033  8.50646944299953
1034  8.50671250873064
1035  8.50695526128676
1036  8.50719770144091
1037  8.50743982987956
1038  8.50768164708626
1039  8.50792315401583
1040  8.50816435129576
1041  8.50840523962397
1042  8.50864581969731
1043  8.50888609220917
1044  8.50912605785121
1045  8.50936571731232
1046  8.50960507127993
1047  8.50984412047113
1048  8.51008286550353
1049  8.51032130709097
1050  8.51055944593189
1051  8.51079728268729
1052  8.51103481805590
1053  8.51127205262539
1054  8.51150898712075
1055  8.51174562220897
1056  8.51198195851739
1057  8.51221799678754
1058  8.51245373578797
1059  8.51268917980416
1060  8.51292432783384
1061  8.51315918040073
1062  8.51339373816559
1063  8.51362800179203
1064  8.51386197194886
1065  8.51409564926040
1066  8.51432903434747
1067  8.51456212787897
1068  8.51479493049696
1069  8.51502744283992
1070  8.51525966554490
1071  8.51549159949122
1072  8.51572324482409
1073  8.51595460245123
1074  8.51618567293625
1075  8.51641645693893
1076  8.51664695508481
1077  8.51687716799812
1078  8.51710709629938
1079  8.51733674062877
1080  8.51756610158770
1081  8.51779517973228
1082  8.51802397570819
1083  8.51825249015100
1084  8.51848072366903
1085  8.51870867656740
1086  8.51893635010325
1087  8.51916374448654
1088  8.51939086035243
1089  8.51961769831628
1090  8.51984425897706
1091  8.52007054293194
1092  8.52029655077665
1093  8.52052228312478
1094  8.52074774055230
1095  8.52097292361849
1096  8.52119783293647
1097  8.52142246909258
1098  8.52164683269412
1099  8.52187092462854
1100  8.52209474479894
1101  8.52231829413443
1102  8.52254157321653
1103  8.52276458262236
1104  8.52298732293451
1105  8.52320979470939
1106  8.52343199851999
1107  8.52365393497516
1108  8.52387560459480
1109  8.52409700793991
1110  8.52431814554545
1111  8.52453901800436
1112  8.52475962592883
1113  8.52497996979165
1114  8.52517334238565
1115  8.52539279849168
1116  8.52561232903283
1117  8.52583159775480
1118  8.52605060522536
1119  8.52626935199268
1120  8.52648783860410
1121  8.52670606560589
1122  8.52692403354083
1123  8.52714174297088
1124  8.52735919442036
1125  8.52757638843066
1126  8.52779332549827
1127  8.52801000653953
1128  8.52822643162241
1129  8.52844260138655
1130  8.52865851620288
1131  8.52887417680468
1132  8.52908958374155
1133  8.52930473747092
1134  8.52951963851720
1135  8.52973428744001
1136  8.52994868469009
1137  8.53016283081307
1138  8.53037672642791
1139  8.53059037200789
1140  8.53080376798657
1141  8.53101691487611
1142  8.53122981334824
1143  8.53144246366156
1144  8.53165486685397
1145  8.53186702299258
1146  8.53207893231448
1147  8.53229059592836
1148  8.53250201407244
1149  8.53271318709124
1150  8.53292411556945
1151  8.53313480010815
1152  8.53334524117221
1153  8.53355543923399
1154  8.53376539486556
1155  8.53397510845231
1156  8.53418458051005
1157  8.53439381155665
1158  8.53460280204894
1159  8.53481155251522
1160  8.53502006345406
1161  8.53522833702497
1162  8.53543637093500
1163  8.53564416608695
1164  8.53585172364928
1165  8.53605904409363
1166  8.53626612781631
1167  8.53647297547246
1168  8.53667958733678
1169  8.53688596397707
1170  8.53709210583617
1171  8.53729801350702
1172  8.53750368724744
1173  8.53770912775748
1174  8.53791433527539
1175  8.53811931038112
1176  8.53832405351006
1177  8.53852856518834
1178  8.53873284581314
1179  8.53893689603829
1180  8.53914071602418
1181  8.53934430629659
1182  8.53954766739945
1183  8.53975079977879
1184  8.53995370387172
1185  8.54015638017115
1186  8.54035882911185
1187  8.54056105108490
1188  8.54076304659835
1189  8.54096481605672
1190  8.54116635992726
1191  8.54136767871897
1192  8.54156877274693
1193  8.54176964258288
1194  8.54197028882194
1195  8.54217071151753
1196  8.54237091123026
1197  8.54257088843089
1198  8.54277064360814
1199  8.54297017717277
1200  8.54316948955143
1201  8.54336858119418
1202  8.54356745256743
1203  8.54376610400218
1204  8.54396453598456
1205  8.54416274894791
1206  8.54436074329842
1207  8.54455851948579
1208  8.54475607781167
1209  8.54495341896205
1210  8.54515054303140
1211  8.54534745079107
1212  8.54554414246851
1213  8.54574061848231
1214  8.54593687930742
1215  8.54613292532028
1216  8.54632875682801
1217  8.54652437448465
1218  8.54671977857233
1219  8.54691496951825
1220  8.54710994772921
1221  8.54730471362109
1222  8.54749926756270
1223  8.54769361003611
1224  8.54788774143022
1225  8.54808166207302
1226  8.54827537245268
1227  8.54846887282413
1228  8.54866216381943
1229  8.54885524572124
1230  8.54904811898513
1231  8.54924078388846
1232  8.54943324093646
1233  8.54962549050836
1234  8.54981753295022
1235  8.55000924503178
1236  8.55020066381130
1237  8.55039187577997
1238  8.55058288150316
1239  8.55077368142722
1240  8.55096427606694
1241  8.55115466542285
1242  8.55134485005440
1243  8.55153483040659
1244  8.55172460684468
1245  8.55191417971080
1246  8.55210354942203
1247  8.55229271635841
1248  8.55248168093649
1249  8.55267044346922
1250  8.55285900438040
1251  8.55304736403730
1252  8.55323552281155
1253  8.55342348106819
1254  8.55361123923107
1255  8.55379879759138
1256  8.55398615656621
1257  8.55417331653039
1258  8.55436027785183
1259  8.55454704090069
1260  8.55473360604484
1261  8.55491997365249
1262  8.55510614408796
1263  8.55529211771850
1264  8.55547789491207
1265  8.55566347620154
1266  8.55584886162578
1267  8.55603405168537
1268  8.55621904676412
1269  8.55640384710937
1270  8.55658845326143
1271  8.55677286550142
1272  8.55695708443117
1273  8.55714110991743
1274  8.55732494255868
1275  8.55750858270919
1276  8.55769203071796
1277  8.55787528692831
1278  8.55805835169853
1279  8.55824122546515
1280  8.55842390842204
1281  8.55860640099602
1282  8.55878870314529
1283  8.55897081597902
1284  8.55915273948838
1285  8.55933447404476
1286  8.55951601991519
1287  8.55969737748186
1288  8.55987854705741
1289  8.56005952900838
1290  8.56024032367277
1291  8.56042093140577
1292  8.56060135252326
1293  8.56078158737338
1294  8.56096163627661
1295  8.56114149958304
1296  8.56132117767225
1297  8.56150067080539
1298  8.56167997936056
1299  8.56185910362920
1300  8.56203804397079
1301  8.56221680074664
1302  8.56239537432624
1303  8.56257376497994
1304  8.56275197291219
1305  8.56292999859194
1306  8.56310784229265
1307  8.56328550436536
1308  8.56346298512306
1309  8.56364028485650
1310  8.56381740399446
1311  8.56399434279792
1312  8.56417110159452
1313  8.56434768070227
1314  8.56452408043811
1315  8.56470030112901
1316  8.56487634308593
1317  8.56505220655232
1318  8.56522789200443
1319  8.56540339967599
1320  8.56557872986293
1321  8.56575388302943
1322  8.56592885922915
1323  8.56610365892134
1324  8.56627828233220
1325  8.56645272996122
1326  8.56662700187237
1327  8.56680109865280
1328  8.56697502041306
1329  8.56714876751280
1330  8.56732234025935
1331  8.56749573896007
1332  8.56766896392046
1333  8.56784201547885
1334  8.56801489386823
1335  8.56818759943062
1336  8.56836013246901
1337  8.56853249322698
1338  8.56870468210238
1339  8.56887669940017
1340  8.56904854535730
1341  8.56922022031934
1342  8.56939172452178
1343  8.56956305830776
1344  8.56973422197056
1345  8.56990521580271
1346  8.57007604009890
1347  8.57024669515092
1348  8.57041718125973
1349  8.57058749875875
1350  8.57075764785256
1351  8.57092762887762
1352  8.57109744212465
1353  8.57126708797593
1354  8.57143656657068
1355  8.57160587822283
1356  8.57177502325424
1357  8.57194400195231
1358  8.57211281462521
1359  8.57228146154234
1360  8.57244994295941
1361  8.57261825917210
1362  8.57278641049280
1363  8.57295439719074
1364  8.57312221954891
1365  8.57328987783229
1366  8.57345737238898
1367  8.57362470345961
1368  8.57379187128593
1369  8.57395887615849
1370  8.57412571837257
1371  8.57429239820530
1372  8.57445891593438
1373  8.57462527183642
1374  8.57479146627423
1375  8.57495749934795
1376  8.57512337144085
1377  8.57528908278442
1378  8.57545463360421
1379  8.57562002431043
1380  8.57578525510592
1381  8.57595032626238
1382  8.57611523803978
1383  8.57627999104288
1384  8.57644458497847
1385  8.57660901945017
1386  8.57677329646763
1387  8.57693741561048
1388  8.57710137684720
1389  8.57726518059064
1390  8.57742882710650
1391  8.57759231665900
1392  8.57775564951258
1393  8.57791882593054
1394  8.57808184583761
1395  8.57824471019272
1396  8.57840741887752
1397  8.57856997219927
1398  8.57873237036708
1399  8.57889461366631
1400  8.57905670239058
1401  8.57921863671733
1402  8.57938041695785
1403  8.57954204336592
1404  8.57970351619392
1405  8.57986483568786
1406  8.58002600211860
1407  8.58018701573923
1408  8.58034787680000
1409  8.58050858555410
1410  8.58066914225470
1411  8.58082954715424
1412  8.58098980050441
1413  8.58114990255576
1414  8.58130985357495
1415  8.58146965378645
1416  8.58162930346954
1417  8.58178880286035
1418  8.58194815216211
1419  8.58210735158506
1420  8.58226640153011
1421  8.58242530216463
1422  8.58258405373452
1423  8.58274265636515
1424  8.58290111049740
1425  8.58305941634241
1426  8.58321757410047
1427  8.58337558401432
1428  8.58353344632635
1429  8.58369116127868
1430  8.58384872911235
1431  8.58400615033528
1432  8.58416342464229
1433  8.58432055256012
1434  8.58447753433825
1435  8.58463437022794
1436  8.58479106025861
1437  8.58494760496623
1438  8.58510400446512
1439  8.58526025899366
1440  8.58541636877380
1441  8.58557233406618
1442  8.58572815509136
1443  8.58588383214348
1444  8.58603936532783
1445  8.58619475494645
1446  8.58635000123146
1447  8.58650510439900
1448  8.58666006471154
1449  8.58681488247395
1450  8.58696955782990
1451  8.58712409091486
1452  8.58727848209454
1453  8.58743273150751
1454  8.58758683944843
1455  8.58774080611836
1456  8.58789463173049
1457  8.58804831653464
1458  8.58820186075244
1459  8.58835526460977
1460  8.58850852824946
1461  8.58866165204546
1462  8.58881463617086
1463  8.58896748090349
1464  8.58912018631462
1465  8.58927275271564
1466  8.58942518032521
1467  8.58957746936038
1468  8.58972962004248
1469  8.58988163259143
1470  8.59003350723965
1471  8.59018524419191
1472  8.59033684366079
1473  8.59048830587209
1474  8.59063963104515
1475  8.59079081941803
1476  8.59094187103458
1477  8.59109278639194
1478  8.59124356557850
1479  8.59139420880989
1480  8.59154471630151
1481  8.59169508826728
1482  8.59184532492179
1483  8.59199542647857
1484  8.59214539314091
1485  8.59229522513747
1486  8.59244492267753
1487  8.59259448595407
1488  8.59274391520837
1489  8.59293058179303
1490  8.59307866460278
1491  8.59322771759848
1492  8.59337663740237
1493  8.59352542424330
1494  8.59367407832621
1495  8.59382259981637
1496  8.59397098896871
1497  8.59411924594569
1498  8.59426736376314
1499  8.59441534883401
1500  8.59456320248160
1501  8.59471092494176
1502  8.59485851640439
1503  8.59500597706901
1504  8.59515330714102
1505  8.59530050682494
1506  8.59544757632353
1507  8.59559451587421
1508  8.59574132560866
1509  8.59588799960633
1510  8.59603455037896
1511  8.59618097152827
1512  8.59632726411420
1513  8.59647342794931
1514  8.59661946320383
1515  8.59676537035095
1516  8.59691114905945
1517  8.59705707163771
1518  8.59720259467761
1519  8.59734799013475
1520  8.59749325819737
1521  8.59763839906041
1522  8.59778341292056
1523  8.59792830003435
1524  8.59807306047247
1525  8.59821769446296
1526  8.59836220230143
1527  8.59850658406270
1528  8.59865083998481
1529  8.59879497035120
1530  8.59893897517277
1531  8.59908285473220
1532  8.59922661058160
1533  8.59937024068469
1534  8.59951374560369
1535  8.59965712602343
1536  8.59980038215474
1537  8.59994351414771
1538  8.60008652219916
1539  8.60022940651374
1540  8.60037216727293
1541  8.60051480480121
1542  8.60065731901281
1543  8.60079971023079
1544  8.60094197864197
1545  8.60108412446698
1546  8.60122614782130
1547  8.60136804892560
1548  8.60150982796437
1549  8.60165148510677
1550  8.60179302055391
1551  8.60193443450114
1552  8.60207572710691
1553  8.60221689856355
1554  8.60235794905567
1555  8.60249887876568
1556  8.60263968787540
1557  8.60278037658637
1558  8.60292094515085
1559  8.60306139361088
1560  8.60320172212600
1561  8.60334193092799
1562  8.60348202022202
1563  8.60362199005118
1564  8.60376184863938
1565  8.60390157266443
1566  8.60404118567247
1567  8.60418068005185
1568  8.60432005584628
1569  8.60445931350027
1570  8.60459845305578
1571  8.60473747468923
1572  8.60487637856524
1573  8.60501516487640
1574  8.60515383379468
1575  8.60529238547752
1576  8.60543082012485
1577  8.60556913789730
1578  8.60570733896791
1579  8.60584542353110
1580  8.60598339161663
1581  8.60612124358274
1582  8.60625897942481
1583  8.60639659987014
1584  8.60653410429954
1585  8.60667149324836
1586  8.60680876690665
1587  8.60694592543176
1588  8.60708296901917
1589  8.60721989741937
1590  8.60735671159742
1591  8.60749341116164
1592  8.60762999640208
1593  8.60776646749743
1594  8.60790282461465
1595  8.60803906792137
1596  8.60817519756921
1597  8.60831121366857
1598  8.60844711654255
1599  8.60858290625827
1600  8.60871858300690
1601  8.60885414696147
1602  8.60898959826424
1603  8.60912493698843
1604  8.60926016343611
1605  8.60939527775588
1606  8.60953028008087
1607  8.60966517055959
1608  8.60979994944778
1609  8.60993461676661
1610  8.61006917274129
1611  8.61020361752024
1612  8.61033795129087
1613  8.61047217420119
1614  8.61060607809457
1615  8.61074000350307
1616  8.61087389466081
1617  8.61100767559483
1618  8.61114134646926
1619  8.61127490742748
1620  8.61140835865815
1621  8.61154170030531
1622  8.61167493252657
1623  8.61180805548873
1624  8.61194106936691
1625  8.61207397428184
1626  8.61220677037443
1627  8.61233945782690
1628  8.61247203678930
1629  8.61260450742217
1630  8.61273686986761
1631  8.61286912431017
1632  8.61300127089021
1633  8.61313330976264
1634  8.61326524108107
1635  8.61339706505869
1636  8.61352877869233
1637  8.61366038048567
1638  8.61379187523737
1639  8.61392326327440
1640  8.61405454440131
1641  8.61418571893385
1642  8.61431678704083
1643  8.61444774882003
1644  8.61457860454930
1645  8.61470935428836
1646  8.61483999818989
1647  8.61497053641535
1648  8.61510096911402
1649  8.61523129642874
1650  8.61536151851515
1651  8.61549163552332
1652  8.61562164760175
1653  8.61575155488442
1654  8.61588135754856
1655  8.61601105572784
1656  8.61614064956920
1657  8.61627013922032
1658  8.61639952481623
1659  8.61652880652799
1660  8.61665798449024
1661  8.61678705884897
1662  8.61691602975006
1663  8.61704489733870
1664  8.61717366174565
1665  8.61730232318126
1666  8.61743088170373
1667  8.61755933749370
1668  8.61768769071619
1669  8.61781594147232
1670  8.61794408993354
1671  8.61807213623751
1672  8.61820008051887
1673  8.61832792292849
1674  8.61845566360771
1675  8.61858330268457
1676  8.61871084032984
1677  8.61883827667137
1678  8.61896561184931
1679  8.61909284600524
1680  8.61921997927962
1681  8.61934701159401
1682  8.61947394352669
1683  8.61960077499835
1684  8.61972750614825
1685  8.61985413716254
1686  8.61998066808791
1687  8.62010709909433
1688  8.62023343025132
1689  8.62035966187879
1690  8.62048579401628
1691  8.62061182680266
1692  8.62073776039570
1693  8.62086359487734
1694  8.62098933045712
1695  8.62111496720654
1696  8.62124050528837
1697  8.62136594483863
1698  8.62149128614983
1699  8.62161652910946
1700  8.62174167387896
1701  8.62186672065856
1702  8.62199166956494
1703  8.62211652076561
1704  8.62224127443795
1705  8.62236593061983
1706  8.62249048946055
1707  8.62261495115129
1708  8.62273931575375
1709  8.62286358342217
1710  8.62298775431772
1711  8.62311182855886
1712  8.62323580627707
1713  8.62335968760471
1714  8.62348347267437
1715  8.62360716149974
1716  8.62373075443222
1717  8.62385425153091
1718  8.62397765288196
1719  8.62410095890904
1720  8.62422416915879
1721  8.62434728407780
1722  8.62447030378058
1723  8.62459322839736
1724  8.62471605805667
1725  8.62483879288778
1726  8.62496143301939
1727  8.62508397856679
1728  8.62520642961282
1729  8.62532878641272
1730  8.62545104902470
1731  8.62557321756163
1732  8.62569529217878
1733  8.62581727298878
1734  8.62593916011850
1735  8.62606095369394
1736  8.62618265384199
1737  8.62630426068794
1738  8.62642577435695
1739  8.62654719498018
1740  8.62666852266736
1741  8.62678975757292
1742  8.62691089978959
1743  8.62703194943284
1744  8.62715290666292
1745  8.62727377158922
1746  8.62739454433542
1747  8.62751522502443
1748  8.62763581377987
1749  8.62775631063614
1750  8.62787671590367
1751  8.62799702959418
1752  8.62811725183230
1753  8.62823738275060
1754  8.62835742245573
1755  8.62847737109773
1756  8.62859722878283
1757  8.62871699563312
1758  8.62883667176951
1759  8.62895625747526
1760  8.62907575254536
1761  8.62919515726322
1762  8.62931447173598
1763  8.62943369623879
1764  8.62955283068696
1765  8.62967187517759
1766  8.62979082995357
1767  8.62990969506766
1768  8.63002847066421
1769  8.63014715686142
1770  8.63026575377806
1771  8.63038426153169
1772  8.63050268028737
1773  8.63062101005584
1774  8.63073925102643
1775  8.63085740330376
1776  8.63097546699025
1777  8.63109344223071
1778  8.63121132912719
1779  8.63132912779681
1780  8.63144683835512
1781  8.63156446091761
1782  8.63168199559924
1783  8.63179944251618
1784  8.63191680177111
1785  8.63203407350294
1786  8.63215125781461
1787  8.63226835480595
1788  8.63238536469737
1789  8.63250228745325
1790  8.63261912322395
1791  8.63273587217076
1792  8.63285253435436
1793  8.63296910991371
1794  8.63308559896231
1795  8.63320200171572
1796  8.63331831806884
1797  8.63343454826145
1798  8.63355069238314
1799  8.63366675056168
1800  8.63378272297738
1801  8.63389860962246
1802  8.63401441062743
1803  8.63413012612881
1804  8.63424575623719
1805  8.63436130106391
1806  8.63447676071913
1807  8.63459213530062
1808  8.63470742484530
1809  8.63482262964652
1810  8.63493774970235
1811  8.63505278515026
1812  8.63516773608516
1813  8.63528260263215
1814  8.63539738487395
1815  8.63551208280276
1816  8.63562669675689
1817  8.63574122680678
1818  8.63585567279429
1819  8.63597003511370
1820  8.63608431385442
1821  8.63619850904218
1822  8.63631262081299
1823  8.63642664925488
1824  8.63654059448332
1825  8.63665445660157
1826  8.63676823571540
1827  8.63688193193084
1828  8.63699554535497
1829  8.63710907609309
1830  8.63722252423807
1831  8.63733588991747
1832  8.63744917321000
1833  8.63756237425271
1834  8.63767549313545
1835  8.63778852996316
1836  8.63790148484046
1837  8.63801435787155
1838  8.63812714916161
1839  8.63823985883477
1840  8.63835248695267
1841  8.63846503368763
1842  8.63857749905206
1843  8.63868988317496
1844  8.63880218619107
1845  8.63891440818371
1846  8.63902654940100
1847  8.63913860966525
1848  8.63925058921966
1849  8.63936248816593
1850  8.63947430660527
1851  8.63958604464009
1852  8.63969770237281
1853  8.63980927989114
1854  8.63992077738629
1855  8.64003219495015
1856  8.64014353252294
1857  8.64025479025759
1858  8.64036596829508
1859  8.64047706669531
1860  8.64058808563133
1861  8.64069902533655
1862  8.64080988555742
1863  8.64092066662508
1864  8.64103136856866
1865  8.64114199154369
1866  8.64125253559173
1867  8.64136300088790
1868  8.64147338746444
1869  8.64158369531140
1870  8.64169392474717
1871  8.64180407582473
1872  8.64191414854969
1873  8.64202414306025
1874  8.64213405945657
1875  8.64224389783604
1876  8.64235365828410
1877  8.64246334090747
1878  8.64257294567597
1879  8.64268247295917
1880  8.64279192271010
1881  8.64290129502470
1882  8.64301059000025
1883  8.64311980773167
1884  8.64322894831560
1885  8.64333801184815
1886  8.64344699842406
1887  8.64355590812668
1888  8.64366474110331
1889  8.64377349737850
1890  8.64388217708134
1891  8.64399078032474
1892  8.64409930715994
1893  8.64420775770324
1894  8.64431613193262
1895  8.64442443012252
1896  8.64453265235426
1897  8.64464079871865
1898  8.64474886922900
1899  8.64485686398018
1900  8.64496478309409
1901  8.64507262667842
1902  8.64518039488429
1903  8.64528808768750
1904  8.64539570519975
1905  8.64550324753977
1906  8.64561071480017
1907  8.64571810707208
1908  8.64582542444798
1909  8.64593266701938
1910  8.64603983486607
1911  8.64614692813816
1912  8.64625394684574
1913  8.64636089111448
1914  8.64646776103489
1915  8.64657455669872
1916  8.64668127819630
1917  8.64678792561773
1918  8.64689449898366
1919  8.64700099852357
1920  8.64710742427829
1921  8.64721377622803
1922  8.64732005458147
1923  8.64742625942470
1924  8.64753239083507
1925  8.64763844888797
1926  8.64774443367172
1927  8.64785034527599
1928  8.64795618963536
1929  8.64806195514782
1930  8.64816764789370
1931  8.64827326766785
1932  8.64837881470441
1933  8.64848428908277
1934  8.64858969089237
1935  8.64869502024426
1936  8.64880027724783
1937  8.64890546191475
1938  8.64901057437030
1939  8.64911561470121
1940  8.64922058299351
1941  8.64932547933296
1942  8.64943030380846
1943  8.64953505650704
1944  8.64963973751377
1945  8.64974434691579
1946  8.64984888479574
1947  8.64995335124657
1948  8.65005774637651
1949  8.65016207021788
1950  8.65026632288369
1951  8.65037050445875
1952  8.65047461502777
1953  8.65057865467633
1954  8.65068262348875
1955  8.65078652155063
1956  8.65089034894572
1957  8.65099410573352
1958  8.65109779204894
1959  8.65120140795082
1960  8.65130495357171
1961  8.65140842889936
1962  8.65151183406499
1963  8.65161516915233
1964  8.65171843424421
1965  8.65182162942516
1966  8.65192475477745
1967  8.65202781050365
1968  8.65213079642352
1969  8.65223371278847
1970  8.65233655965678
1971  8.65243933708734
1972  8.65254204522187
1973  8.65264468409265
1974  8.65274725379548
1975  8.65284975443940
1976  8.65295218605226
1977  8.65305454874181
1978  8.65315684259419
1979  8.65325906769270
1980  8.65336122408774
1981  8.65346331191048
1982  8.65356533121616
1983  8.65366728208494
1984  8.65376916459035
1985  8.65387097882150
1986  8.65397272489566
1987  8.65407440281890
1988  8.65417601270812
1989  8.65427755464370
1990  8.65437902870559
1991  8.65448043495478
1992  8.65458177348328
1993  8.65468304440147
1994  8.65478424827641
1995  8.65488538428663
1996  8.65498645277531
1997  8.65508745394614
1998  8.65518838787660
1999  8.65528925464651
2000  8.65539005435593
2001  8.65549078703910
2002  8.65559145279632
2003  8.65569205171005
2004  8.65579258384742
2005  8.65589304929540
2006  8.65599344819830
2007  8.65609378049598
2008  8.65619404633493
2009  8.65629424579142
2010  8.65639437899293
2011  8.65649444601767
2012  8.65659444679261
2013  8.65669438149389
2014  8.65679425019864
2015  8.65689405295801
2016  8.65699379242685
2017  8.65709346359866
2018  8.65719282241218
2019  8.65729227195455
2020  8.65739174615684
2021  8.65749115489458
2022  8.65759049824410
2023  8.65768977628239
2024  8.65778898908405
2025  8.65788813672363
2026  8.65798721926784
2027  8.65808623679554
2028  8.65818518941892
2029  8.65828407717093
2030  8.65838290013043
2031  8.65848165837836
2032  8.65858035201540
2033  8.65867898106199
2034  8.65877754561975
2035  8.65887604576326
2036  8.65897448156566
2037  8.65907285313888
2038  8.65917116046801
2039  8.65926940367947
2040  8.65936758285669
2041  8.65946569788267
2042  8.65956374918801
2043  8.65966173666685
2044  8.65975966039259
2045  8.65985752043782
2046  8.65995531687638
2047  8.66005302748953
2048  8.66015046136613
2049  8.66024781637167
2050  8.66034510792951
2051  8.66044233612641
2052  8.66053950104523
2053  8.66063660274541
2054  8.66073364129980
2055  8.66083061678110
2056  8.66092752925999
2057  8.66102437883059
2058  8.66112116551972
2059  8.66121788942151
2060  8.66131455047748
2061  8.66141114902464
2062  8.66150768502711
2063  8.66160415847857
2064  8.66170056950975
2065  8.66179691818022
2066  8.66189320438618
2067  8.66198942854586
2068  8.66208559055666
2069  8.66218169048761
2070  8.66227772872329
2071  8.66237370470771
2072  8.66246961882360
2073  8.66256547114041
2074  8.66266126171527
2075  8.66275699063083
2076  8.66285265796863
2077  8.66294826378485
2078  8.66304380815043
2079  8.66313929113393
2080  8.66323471280341
2081  8.66333007322942
2082  8.66342537247983
2083  8.66352061062409
2084  8.66361578773024
2085  8.66371090385218
2086  8.66380595909489
2087  8.66390095347152
2088  8.66399588709624
2089  8.66409076002415
2090  8.66418557238870
2091  8.66428032412751
2092  8.66437501537447
2093  8.66446964610560
2094  8.66456421657270
2095  8.66465872674960
2096  8.66475317670375
2097  8.66484756649249
2098  8.66494189619885
2099  8.66503616587562
2100  8.66513037561000
2101  8.66522452545403
2102  8.66531861547493
2103  8.66541264574089
2104  8.66550661631916
2105  8.66560052727616
2106  8.66569437867781
2107  8.66578817049414
2108  8.66588190298354
2109  8.66597557610328
2110  8.66606918994492
2111  8.66616274454947
2112  8.66625624000582
2113  8.66634967636743
2114  8.66644305380913
2115  8.66653637222817
2116  8.66662963172225
2117  8.66672283282252
2118  8.66681597469221
2119  8.66690905785879
2120  8.66700208241390
2121  8.66709504835533
2122  8.66718795587119
2123  8.66728080486144
2124  8.66737359548294
2125  8.66746632778779
2126  8.66755900194230
2127  8.66765161780803
2128  8.66774417555039
2129  8.66783667523382
2130  8.66792911692118
2131  8.66802150067593
2132  8.66811382656245
2133  8.66825821202978
2134  8.66835044554903
2135  8.66844262283460
2136  8.66853474251572
2137  8.66862680436869
2138  8.66871880900953
2139  8.66881075622455
2140  8.66890264607187
2141  8.66899447862153
2142  8.66908625204476
2143  8.66917796949530
2144  8.66926963055703
2145  8.66936123452038
2146  8.66945278152400
2147  8.66954427157045
2148  8.66963570476343
2149  8.66972708115483
2150  8.66981840080097
2151  8.66990966376144
2152  8.67000087011551
2153  8.67009201991457
2154  8.67018311327978
2155  8.67027415017331
2156  8.67036513067322
2157  8.67045605486277
2158  8.67054692279007
2159  8.67063773452974
2160  8.67072848904886
2161  8.67081918711218
2162  8.67090982946960
2163  8.67100041557379
2164  8.67109094578801
2165  8.67118142017374
2166  8.67127183879053
2167  8.67136220169952
2168  8.67145250896012
2169  8.67154276063231
2170  8.67163295681250
2171  8.67172309748818
2172  8.67181318274404
2173  8.67190321266244
2174  8.67199318729151
2175  8.67208310669042
2176  8.67217297091902
2177  8.67226278005919
2178  8.67235253412427
2179  8.67244223319698
2180  8.67253187736250
2181  8.67262146662621
2182  8.67271100106045
2183  8.67280048075164
2184  8.67288990573250
2185  8.67297927608441
2186  8.67306859185432
2187  8.67315785310121
2188  8.67324705988434
2189  8.67333621226021
2190  8.67342531028783
2191  8.67351435402484
2192  8.67360334352912
2193  8.67369300393177
2194  8.67378274136920
2195  8.67387242423085
2196  8.67396205274752
2197  8.67405162696806
2198  8.67414114689424
2199  8.67423061254285
2200  8.67432002402605
2201  8.67440938141808
2202  8.67449868474725
2203  8.67458793406975
2204  8.67467712944319
2205  8.67476627092566
2206  8.67485535857374
2207  8.67494439243142
2208  8.67503337260457
2209  8.67512229908106
2210  8.67521117196264
2211  8.67524581080595
2212  8.67533455271800
2213  8.67542324038437
2214  8.67551187467108
2215  8.67560045563307
2216  8.67568898332399
2217  8.67577745780534
2218  8.67586587913279
2219  8.67595424734788
2220  8.67604256253239
2221  8.67613082471745
2222  8.67621903398171
2223  8.67630719036913
2224  8.67639529393376
2225  8.67648334473268
2226  8.67657134287250
2227  8.67665928830798
2228  8.67674718114351
2229  8.67683502143580
2230  8.67692280923829
2231  8.67701054459771
2232  8.67709822758415
2233  8.67718585824987
2234  8.67727343663441
2235  8.67736096281644
2236  8.67744843683852
2237  8.67753585875500
2238  8.67762322873938
2239  8.67771054667242
2240  8.67779781259800
2241  8.67788502663452
2242  8.67797218874650
2243  8.67805929910071
2244  8.67814635818158
2245  8.67823336520819
2246  8.67832032054749
2247  8.67840722434640
2248  8.67849407664791
2249  8.67858087760816
2250  8.67866762707417
2251  8.67875432520262
2252  8.67884097204712
2253  8.67892756752040
2254  8.67901411195636
2255  8.67910060526631
2256  8.67918704704208
2257  8.67927343826850
2258  8.67935977852199
2259  8.67944606773907
2260  8.67953230607875
2261  8.67961849359749
2262  8.67970463034842
2263  8.67979071622758
2264  8.67987675159875
2265  8.67996273635820
2266  8.68004867055775
2267  8.68013455425017
2268  8.68022038748786
2269  8.68030617030996
2270  8.68039190279336
2271  8.68047758500014
2272  8.68056321705899
2273  8.68064879884793
2274  8.68073433044499
2275  8.68081981197679
2276  8.68090524343944
2277  8.68099062491274
2278  8.68107595644755
2279  8.68116123809532
2280  8.68124646990678
2281  8.68133165196059
2282  8.68141678423970
2283  8.68150186684801
2284  8.68158689986394
2285  8.68167188325928
2286  8.68175681712353
2287  8.68184170150730
2288  8.68192653646111
2289  8.68201132203614
2290  8.68209605828216
2291  8.68218074524988
2292  8.68226538298926
2293  8.68234997155194
2294  8.68243451097309
2295  8.68251900132923
2296  8.68260344265775
2297  8.68268783499760
2298  8.68277217842070
2299  8.68285647296448
2300  8.68294071868002
2301  8.68302491561665
2302  8.68310906382350
2303  8.68319316335018
2304  8.68327721426906
2305  8.68336121658501
2306  8.68344517036783
2307  8.68352907565523
2308  8.68361293254885
2309  8.68369674103105
2310  8.68372387390112
2311  8.68380756191584
2312  8.68389120079814
2313  8.68397479149104
2314  8.68405833404345
2315  8.68414182854345
2316  8.68422527496017
2317  8.68430867338243
2318  8.68439202375742
2319  8.68447532633436
2320  8.68455858104847
2321  8.68464178797363
2322  8.68472494714475
2323  8.68480805859832
2324  8.68489112240636
2325  8.68497413860452
2326  8.68505710724068
2327  8.68514002836215
2328  8.68522290201814
2329  8.68530572825429
2330  8.68538835173119
2331  8.68547035129246
2332  8.68555228173798
2333  8.68563416530252
2334  8.68571600205742
2335  8.68579779203745
2336  8.68587953527646
2337  8.68596123186876
2338  8.68604288180240
2339  8.68612448514863
2340  8.68620604195132
2341  8.68628755228697
2342  8.68636901614610
2343  8.68645043363371
2344  8.68653180473402
2345  8.68661312952382
2346  8.68669440803696
2347  8.68677564034577
2348  8.68685682648296
2349  8.68693796648362
2350  8.68701906041522
2351  8.68710010831282
2352  8.68718111022228
2353  8.68726206618902
2354  8.68734297625989
2355  8.68742384047898
2356  8.68750465889287
2357  8.68758543154691
2358  8.68766615848619
2359  8.68774683974301
2360  8.68782747538874
2361  8.68790806545546
2362  8.68798860966178
2363  8.68806910859184
2364  8.68814956219240
2365  8.68822997020852
2366  8.68831033305674
2367  8.68839065059500
2368  8.68847092299762
2369  8.68855115005300
2370  8.68863133195544
2371  8.68871146870618
2372  8.68879156035771
2373  8.68887160698104
2374  8.68895160860695
2375  8.68903156532509
2376  8.68911147717426
2377  8.68919134407522
2378  8.68927116615531
2379  8.68935094356620
2380  8.68943067613933
2381  8.68951036402450
2382  8.68959000726556
2383  8.68966960590668
2384  8.68974915999127
2385  8.68982866954975
2386  8.68990813461579
2387  8.68998755529031
2388  8.69006693157096
2389  8.69014626352495
2390  8.69022555118186
2391  8.69030479458440
2392  8.69038399377841
2393  8.69046314880651
2394  8.69054225971280
2395  8.69062132654002
2396  8.69070034933133
2397  8.69077932812887
2398  8.69085826296364
2399  8.69093715390437
2400  8.69101600042056
2401  8.69109480366282
2402  8.69117356313711
2403  8.69125227887502
2404  8.69133095098018
2405  8.69140957938645
2406  8.69148816416811
2407  8.69156670538090
2408  8.69164520307068
2409  8.69172365730574
2410  8.69186101304425
2411  8.69193940355369
2412  8.69201775221608
2413  8.69209605756537
2414  8.69217431963172
2415  8.69225253848000
2416  8.69233071414125
2417  8.69240884681078
2418  8.69248693627717
2419  8.69256498238432
2420  8.69264298571301
2421  8.69272094606158
2422  8.69279886358796
2423  8.69287673810312
2424  8.69295456975077
2425  8.69303235830289
2426  8.69311010406710
2427  8.69318780720908
2428  8.69326546768040
2429  8.69334308554601
2430  8.69342066083457
2431  8.69349819354009
2432  8.69357568374824
2433  8.69365313147863
2434  8.69373053674585
2435  8.69380789964064
2436  8.69388522017306
2437  8.69396249840405
2438  8.69403973433701
2439  8.69411692805427
2440  8.69419407955706
2441  8.69427118887554
2442  8.69434825610048
2443  8.69442528147271
2444  8.69450226458689
2445  8.69457920567948
2446  8.69465610484592
2447  8.69473296207659
2448  8.69480977743274
2449  8.69488655096478
2450  8.69496328268104
2451  8.69503997264408
2452  8.69511662090057
2453  8.69519322746187
2454  8.69526979239325
2455  8.69534631573046
2456  8.69542279751079
2457  8.69549923777027
2458  8.69557563653224
2459  8.69565199387059
2460  8.69572830980644
2461  8.69580458438043
2462  8.69588081717668
2463  8.69595700894330
2464  8.69603315950526
2465  8.69610926890191
2466  8.69618533714553
2467  8.69626136432344
2468  8.69633735035374
2469  8.69641329536305
2470  8.69648919935365
2471  8.69656506258024
2472  8.69664088466915
2473  8.69671666587713
2474  8.69679240628348
2475  8.69686810581931
2476  8.69694376457596
2477  8.69701938261996
2478  8.69709495993784
2479  8.69717049663055
2480  8.69724599268944
2481  8.69732144814950
2482  8.69739686299402
2483  8.69747223741725
2484  8.69754757134156
2485  8.69762286486630
2486  8.69769811796157
2487  8.69777333071384
2488  8.69784850315872
2489  8.69792363515227
2490  8.69799872707148
2491  8.69807377875867
2492  8.69814879032099
2493  8.69822376147406
2494  8.69829869232535
2495  8.69837358312390
2496  8.69844843427288
2497  8.69852325845534
2498  8.69859824635512
2499  8.69867321546136
2500  8.69874814475974
2501  8.69882303433894
2502  8.69889788414303
2503  8.69897269425622
2504  8.69904747372834
2505  8.69912220454824
2506  8.69919689581413
2507  8.69927154756027
2508  8.69934615977041
2509  8.69942073254742
2510  8.69949526584825
2511  8.69956975977762
2512  8.69964421434298
2513  8.69971863002797
2514  8.69979300623669
2515  8.69986734301033
2516  8.69994163996181
2517  8.70001589807056
2518  8.70009011741264
2519  8.70016429762495
2520  8.70023843874670
2521  8.70031254085628
2522  8.70038660393932
2523  8.70046062810532
2524  8.70053461332146
2525  8.70060855966367
2526  8.70068246713566
2527  8.70075633583919
2528  8.70083016570380
2529  8.70090395686668
2530  8.70097770928596
2531  8.70105142305970
2532  8.70112509822443
2533  8.70119873463895
2534  8.70127233260116
2535  8.70134589203785
2536  8.70141941296059
2537  8.70149289544747
2538  8.70156633949916
2539  8.70163974517753
2540  8.70171311249141
2541  8.70178644149237
2542  8.70185973218899
2543  8.70193298468606
2544  8.70200619891081
2545  8.70207937503498
2546  8.70215251294589
2547  8.70222561277501
2548  8.70229867452891
2549  8.70237169826065
2550  8.70244468399479
2551  8.70251763174045
2552  8.70259054158001
2553  8.70266341337869
2554  8.70273624744390
2555  8.70280904366450
2556  8.70288180209543
2557  8.70295452279469
2558  8.70302719660081
2559  8.70309984187249
2560  8.70317244944695
2561  8.70324501943207
2562  8.70331755181281
2563  8.70339004664335
2564  8.70346250395875
2565  8.70353492377472
2566  8.70360730617420
2567  8.70367965120364
2568  8.70375195882727
2569  8.70382422906084
2570  8.70389646156902
2571  8.70396865671510
2572  8.70404081461188
2573  8.70411293527551
2574  8.70418501876233
2575  8.70425706506813
2576  8.70432907426294
2577  8.70440104637391
2578  8.70447298141255
2579  8.70454487943257
2580  8.70461674045705
2581  8.70468856455885
2582  8.70476035173327
2583  8.70483210200134
2584  8.70490381541596
2585  8.70497549201073
2586  8.70504713177454
2587  8.70511873482951
2588  8.70519030115396
2589  8.70526183109813
2590  8.70533332406201
2591  8.70540478039224
2592  8.70547620014933
2593  8.70554758333217
2594  8.70561892999665
2595  8.70569024017404
2596  8.70576151389656
2597  8.70583275115574
2598  8.70590395212301
2599  8.70597511667543
2600  8.70604624486254
2601  8.70611733678093
2602  8.70618839240412
2603  8.70625941201197
2604  8.70633039524946
2605  8.70640134229383
2606  8.70647225320038
2607  8.70654312802067
2608  8.70661396677774
2609  8.70668476931433
2610  8.70675553596662
2611  8.70682626672412
2612  8.70689696150410
2613  8.70696762041285
2614  8.70703824342862
2615  8.70710883058284
2616  8.70717938195097
2617  8.70724989753452
2618  8.70732037737847
2619  8.70739082151412
2620  8.70746122994662
2621  8.70753160273792
2622  8.70760193989965
2623  8.70767224146544
2624  8.70774250750092
2625  8.70781273801853
2626  8.70788293301814
2627  8.70795309257266
2628  8.70802321663628
2629  8.70809330536128
2630  8.70816335870587
2631  8.70823337670891
2632  8.70830335940407
2633  8.70837330683522
2634  8.70844321905964
2635  8.70851309601705
2636  8.70858293781432
2637  8.70865274445853
2638  8.70872251600159
2639  8.70879225242622
2640  8.70886195381126
2641  8.70893162018776
2642  8.70900125155142
2643  8.70907084795675
2644  8.70914040942296
2645  8.70920993600177
2646  8.70927942768251
2647  8.70934888456318
2648  8.70941830663656
2649  8.70948769388155
2650  8.70955704642788
2651  8.70962636425277
2652  8.70969564738178
2653  8.70976489583857
2654  8.70983410970377
2655  8.70990328895757
2656  8.70997243366566
2657  8.71004154383070
2658  8.71011061948517
2659  8.71017966067064
2660  8.71024866742682
2661  8.71031763974963
2662  8.71038657775840
2663  8.71045548138554
2664  8.71052435066295
2665  8.71059318573072
2666  8.71066198651790
2667  8.71073075302153
2668  8.71079948528227
2669  8.71086818341221
2670  8.71093684740092
2671  8.71100547726677
2672  8.71107407302147
2673  8.71114263473875
2674  8.71121116245722
2675  8.71127965616570
2676  8.71134811590749
2677  8.71141654173643
2678  8.71148493363237
2679  8.71155329167412
2680  8.71162161588160
2681  8.71168990625030
2682  8.71175816280403
2683  8.71182638562075
2684  8.71189457450841
2685  8.71196273009021
2686  8.71203085180355
2687  8.71209893988951
2688  8.71216699436602
2689  8.71223501523810
2690  8.71230300260216
2691  8.71237095644730
2692  8.71243887678949
2693  8.71250676364170
2694  8.71257461710177
2695  8.71264243715958
2696  8.71271022385587
2697  8.71277797716835
2698  8.71284569716133
2699  8.71291338389515
2700  8.71298103735152
2701  8.71304865759608
2702  8.71311624441293
2703  8.71318379820610
2704  8.71325131909052
2705  8.71331880669386
2706  8.71338626115049
2707  8.71345368256304
2708  8.71352107093629
2709  8.71358842632346
2710  8.71365574870783
2711  8.71372303813895
2712  8.71379029466495
2713  8.71385751831466
2714  8.71392470909792
2715  8.71399186704848
2716  8.71405899215457
2717  8.71412608451388
2718  8.71419314413729
2719  8.71426017103936
2720  8.71432716520607
2721  8.71439412674184
2722  8.71446105544651
2723  8.71452795174440
2724  8.71459481544119
2725  8.71466164658004
2726  8.71472844521818
2727  8.71479521135735
2728  8.71486194499772
2729  8.71492864622640
2730  8.71499531501630
2731  8.71506195143376
2732  8.71512855548639
2733  8.71519512720263
2734  8.71526166663446
2735  8.71532817379093
2736  8.71539464873982
2737  8.71546109140697
2738  8.71552750189922
2739  8.71559388022680
2740  8.71566022639143
2741  8.71572654046965
2742  8.71579282229464
2743  8.71585907221227
2744  8.71592529011983
2745  8.71599147600277
2746  8.71605762990277
2747  8.71612375188567
2748  8.71618984194919
2749  8.71625590011979
2750  8.71632192638297
2751  8.71638792083647
2752  8.71645388348999
2753  8.71651981435757
2754  8.71658571346755
2755  8.71665158081478
2756  8.71671741643122
2757  8.71678322042594
2758  8.71684899277011
2759  8.71691473348897
2760  8.71698044258877
2761  8.71704612012787
2762  8.71711176613666
2763  8.71717738060613
2764  8.71724296360745
2765  8.71730851514423
2766  8.71737403523294
2767  8.71743952392251
2768  8.71750498122837
2769  8.71757040717724
2770  8.71763580179256
2771  8.71770116527532
2772  8.71776649730512
2773  8.71783179808099
2774  8.71789706767531
2775  8.71796230602729
2776  8.71802751319552
2777  8.71809268922866
2778  8.71815783414290
2779  8.71822294795783
2780  8.71828803070782
2781  8.71835308243304
2782  8.71841810312492
2783  8.71848309279058
2784  8.71854805151565
2785  8.71861297931375
2786  8.71867787620230
2787  8.71874274220169
2788  8.71880757734226
2789  8.71887238164741
2790  8.71893715523312
2791  8.71900189796212
2792  8.71906660990857
2793  8.71913129113367
2794  8.71919594165123
2795  8.71926056148684
2796  8.71932515065147
2797  8.71938970920644
2798  8.71945423715653
2799  8.71951873452974
2800  8.71958320134994
2801  8.71964763764425
2802  8.71971204343601
2803  8.71977641875113
2804  8.71984076361658
2805  8.71990507805655
2806  8.71996936208266
2807  8.72003361574715
2808  8.72009783911653
2809  8.72016203210728
2810  8.72022619480017
2811  8.72029032720665
2812  8.72035442937539
2813  8.72041850132171
2814  8.72048254306908
2815  8.72054655466756
2816  8.72061053598458
2817  8.72067448728675
2818  8.72073840849009
2819  8.72080229969853
2820  8.72086616078038
2821  8.72092999196837
2822  8.72099379316689
2823  8.72105756425198
2824  8.72112130538793
2825  8.72118501659823
2826  8.72124869789474
2827  8.72131234932310
2828  8.72137597069178
2829  8.72143956245090
2830  8.72150312440977
2831  8.72156665659329
2832  8.72163015902313
2833  8.72169363159337
2834  8.72175707459292
2835  8.72182048791453
2836  8.72188387156992
2837  8.72194722560742
2838  8.72201055003961
2839  8.72207384489272
2840  8.72213711018705
2841  8.72220034593904
2842  8.72226355219388
2843  8.72232672896500
2844  8.72238987627708
2845  8.72245299415246
2846  8.72251608261759
2847  8.72257914169402
2848  8.72264217145144
2849  8.72270517182750
2850  8.72276814288921
2851  8.72283108464631
2852  8.72289399714847
2853  8.72295688040878
2854  8.72301973445044
2855  8.72308255929624
2856  8.72314535499506
2857  8.72320812151137
2858  8.72327085891483
2859  8.72333356721770
2860  8.72339624644523
2861  8.72345889662197
2862  8.72352151778981
2863  8.72358410993998
2864  8.72364667310174
2865  8.72370920730420
2866  8.72377171257314
2867  8.72383418891906
2868  8.72389663639064
2869  8.72395905499368
2870  8.72402144474507
2871  8.72408380569861
2872  8.72414613784622
2873  8.72420844123641
2874  8.72427071587976
2875  8.72433296180069
2876  8.72439517902221
2877  8.72445736756788
2878  8.72451952746080
2879  8.72458165872267
2880  8.72464376137869
2881  8.72470583545150
2882  8.72476788100431
2883  8.72482989797972
2884  8.72489188644093
2885  8.72495384641185
2886  8.72501577791366
2887  8.72507768096028
2888  8.72513955559555
2889  8.72520140183252
2890  8.72526321969308
2891  8.72532500920272
2892  8.72538677038096
2893  8.72544850325338
2894  8.72551020784041
2895  8.72557188416478
2896  8.72563353225203
2897  8.72569515214621
2898  8.72575674381034
2899  8.72581830731782
2900  8.72587984267835
2901  8.72594134991121
2902  8.72600282904379
2903  8.72606428008288
2904  8.72612570310588
2905  8.72618709806510
2906  8.72624846501282
2907  8.72630980397171
2908  8.72637111496176
2909  8.72643239800584
2910  8.72649365312956
2911  8.72655488035994
2912  8.72661607970817
2913  8.72667725118530
2914  8.72673839484461
2915  8.72679951069174
2916  8.72686059874935
2917  8.72692165904164
2918  8.72698269158908
2919  8.72704369640425
2920  8.72710467353239
2921  8.72716562298308
2922  8.72722654477764
2923  8.72728743898126
2924  8.72734830553110
2925  8.72740914449342
2926  8.72746995588810
2927  8.72753073973739
2928  8.72759149606457
2929  8.72765222487776
2930  8.72771292622353
2931  8.72777360011145
2932  8.72783424656610
2933  8.72789486560705
2934  8.72795545724424
2935  8.72801602139658
2936  8.72807655832130
2937  8.72813706791293
2938  8.72819755021229
2939  8.72825800525256
2940  8.72831843300665
2941  8.72837883352305
2942  8.72843920682067
2943  8.72849955292215
2944  8.72855987184906
2945  8.72862016361014
2946  8.72868042825180
2947  8.72874066581122
2948  8.72880087625258
2949  8.72886105962696
2950  8.72892115143705
2951  8.72898125732963
2952  8.72904135960956
2953  8.72910143490804
2954  8.72916148324708
2955  8.72922150464620
2956  8.72928149912790
2957  8.72934146671196
2958  8.72940140748555
2959  8.72946132134134
2960  8.72952120835131
2961  8.72958106856134
2962  8.72964090198072
2963  8.72970070863378
2964  8.72976048853490
2965  8.72982024171007
2966  8.72987996816562
2967  8.72993966794789
2968  8.72999934106608
2969  8.73005898754192
2970  8.73011860796224
2971  8.73017820121269
2972  8.73023776788377
2973  8.73029730799591
2974  8.73035682156788
2975  8.73041630862098
2976  8.73047576915869
2977  8.73053520323209
2978  8.73059461084364
2979  8.73065399202077
2980  8.73071334678419
2981  8.73077267515321
2982  8.73083197716965
2983  8.73089125281571
2984  8.73095050212835
2985  8.73100972512936
2986  8.73106892192138
2987  8.73112809247923
2988  8.73118723667332
2989  8.73124635463745
2990  8.73130544642311
2991  8.73136451199075
2992  8.73142355138732
2993  8.73148256464549
2994  8.73154155177319
2995  8.73160051279490
2996  8.73165944773015
2997  8.73171835675302
2998  8.73177723962223
2999  8.73183609642357
3000  8.73189492726223
3001  8.73195373207335
3002  8.73201251092143
3003  8.73207126382550
3004  8.73212999080549
3005  8.73218869188112
3006  8.73224736707250
3007  8.73230601640228
3008  8.73236463987607
3009  8.73242323753923
3010  8.73248180939356
3011  8.73254035546971
3012  8.73259886566744
3013  8.73265736023465
3014  8.73271582943692
3015  8.73277427253852
3016  8.73283268999566
3017  8.73289108178812
3018  8.73294944793727
3019  8.73300778846275
3020  8.73306610338391
3021  8.73312439272919
3022  8.73318265650506
3023  8.73324089455780
3024  8.73329910725502
3025  8.73335729445448
3026  8.73341545619068
3027  8.73347359243510
3028  8.73353170323401
3029  8.73358978860554
3030  8.73364784856047
3031  8.73370588313904
3032  8.73376389234841
3033  8.73382187674238
3034  8.73387983542115
3035  8.73393776864300
3036  8.73399567663090
3037  8.73405355929190
3038  8.73411141670163
3039  8.73416924887948
3040  8.73422705585227
3041  8.73428483765730
3042  8.73434259429172
3043  8.73440032577228
3044  8.73445803211678
3045  8.73451571334529
3046  8.73457336946635
3047  8.73463100052911
3048  8.73468860652939
3049  8.73474618748738
3050  8.73480374342581
3051  8.73486127436214
3052  8.73491878031877
3053  8.73497626128659
3054  8.73503371736097
3055  8.73509114848664
3056  8.73514855470676
3057  8.73520593603638
3058  8.73526329250495
3059  8.73532062412421
3060  8.73537793091317
3061  8.73543521289390
3062  8.73549247007368
3063  8.73554970248501
3064  8.73560691014631
3065  8.73566409307318
3066  8.73572125128288
3067  8.73577838479684
3068  8.73583549363204
3069  8.73589257780912
3070  8.73594963736763
3071  8.73600667228084
3072  8.73606368260093
3073  8.73612066831240
3074  8.73617762947232
3075  8.73623456608496
3076  8.73629147816715
3077  8.73634836573933
3078  8.73640522880023
3079  8.73646206744058
3080  8.73651888159509
3081  8.73657567131384
3082  8.73663243661477
3083  8.73668917751599
3084  8.73674589403836
3085  8.73680258619929
3086  8.73685925402541
3087  8.73691589751694
3088  8.73697251670227
3089  8.73702911160015
3090  8.73708568221347
3091  8.73714222858811
3092  8.73719875073075
3093  8.73725524865628
3094  8.73731172239669
3095  8.73736817193692
3096  8.73742459732887
3097  8.73748099857769
3098  8.73753737570303
3099  8.73759372872235
3100  8.73765005765396
3101  8.73770636251643
3102  8.73776264332739
3103  8.73781890046454
3104  8.73787513322776
3105  8.73793134199420
3106  8.73798752677045
3107  8.73804368723694
3108  8.73809982399119
3109  8.73815593695028
3110  8.73821202588942
3111  8.73826809105193
3112  8.73832413234277
3113  8.73838014978143
3114  8.73843614338578
3115  8.73849211319538
3116  8.73854805919282
3117  8.73860398145222
3118  8.73865987989263
3119  8.73871575458721
3120  8.73877160555244
3121  8.73882743280710
3122  8.73888323637016
3123  8.73893901627364
3124  8.73899477250265
3125  8.73905050509380
3126  8.73910621406091
3127  8.73916189942410
3128  8.73921756119942
3129  8.73927319939444
3130  8.73932881404900
3131  8.73938440516993
3132  8.73943997277537
3133  8.73949551688009
3134  8.73955103738479
3135  8.73960653450121
3136  8.73966200823211
3137  8.73971745851604
3138  8.73977288538833
3139  8.73982828885276
3140  8.73988366895535
3141  8.73993902569574
3142  8.73999435909462
3143  8.74004966917069
3144  8.74010495593800
3145  8.74016021940356
3146  8.74021545960800
3147  8.74027067655594
3148  8.74032587026542
3149  8.74038104075503
3150  8.74043618804112
3151  8.74049131213991
3152  8.74054641285701
3153  8.74060149063543
3154  8.74065654527758
3155  8.74071157680232
3156  8.74076658522295
3157  8.74082157037754
3158  8.74087653258405
3159  8.74093147181537
3160  8.74098638803104
3161  8.74104128123675
3162  8.74109615135965
3163  8.74115099851103
3164  8.74120582289755
3165  8.74126062413620
3166  8.74131540244436
3167  8.74137015783647
3168  8.74142489033318
3169  8.74147959997789
3170  8.74153428672925
3171  8.74158895063509
3172  8.74164359170932
3173  8.74169820995794
3174  8.74175280542380
3175  8.74180737811978
3176  8.74186192804386
3177  8.74191645522031
3178  8.74197095966647
3179  8.74202544139140
3180  8.74207990043630
3181  8.74213433679685
3182  8.74218875049372
3183  8.74224314154395
3184  8.74229750996569
3185  8.74235185577397
3186  8.74240617898552
3187  8.74246047961757
3188  8.74251475768507
3189  8.74256901320624
3190  8.74262324618566
3191  8.74267745666317
3192  8.74273164464285
3193  8.74278581014294
3194  8.74283995318652
3195  8.74289407377493
3196  8.74294817191729
3197  8.74300224765440
3198  8.74305630099390
3199  8.74311033200499
3200  8.74316434059629
3201  8.74321832684598
3202  8.74327229075299
3203  8.74332623234103
3204  8.74338015163075
3205  8.74343404863364
3206  8.74348792339341
3207  8.74354177585973
3208  8.74359560610380
3209  8.74364941412865
3210  8.74370319994814
3211  8.74375696357986
3212  8.74381070504975
3213  8.74386442434504
3214  8.74391812151069
3215  8.74397179658417
3216  8.74402544951877
3217  8.74407908036252
3218  8.74413268913152
3219  8.74418627584170
3220  8.74423984050958
3221  8.74429338315895
3222  8.74434690378909
3223  8.74440040242269
3224  8.74445387906573
3225  8.74450733375769
3226  8.74456076650208
3227  8.74461417731485
3228  8.74466756621300
3229  8.74472093320913
3230  8.74477427832052
3231  8.74482760156434
