1  0.00000000000000
2  0.00000000000000
3  0.00000000000000
4  0.00000000000000
5  0.00000000000000
6  2.04317893848426
7  2.22466125141326
8  2.37187879586753
9  2.49542122196959
10  2.60157071468130
11  2.69433008673472
12  2.77645114596677
13  2.84992074787747
14  2.91622606440758
15  2.97651078718660
16  3.03167339210538
17  3.08243218531065
18  3.12936976833641
19  3.17296481521637
20  3.21361486458821
21  3.25165301186505
22  3.28736062003419
23  3.32097737425126
24  3.35270903283668
25  3.38273347259742
26  3.41120542561595
27  3.43826032653058
28  3.46401721834520
29  3.48858137917337
30  3.51204626568847
31  3.53449519149783
32  3.55600272881803
33  3.57663586450467
34  3.59645497069649
35  3.61551463270141
36  3.63386434943042
37  3.65154913755985
38  3.66861003992514
39  3.68508457441423
40  3.70100709133646
41  3.71640923051466
42  3.73131998495970
43  3.74576614745616
44  3.75977248369885
45  3.77336188542718
46  3.78655558047370
47  3.79937333499443
48  3.81183348633630
49  3.82395313496488
50  3.83574823618390
51  3.84723369872991
52  3.85842347506528
53  3.86933062906940
54  3.87996742239790
55  3.89034536900500
56  3.90047529441435
57  3.91036738275308
58  3.92003124168255
59  3.92947603799138
60  3.93871011244623
61  3.94774168974225
62  3.95657838990482
63  3.96522745603985
64  3.97369575052478
65  3.98198979052553
66  3.99011575391407
67  3.99807951303486
68  4.00588665373559
69  4.01354248974052
70  4.02105208144404
71  4.02842025013446
72  4.03565159356785
73  4.04275049905796
74  4.04972115644331
75  4.05656756782679
76  4.06329356014221
77  4.06990267381713
78  4.07639848034174
79  4.08278439461712
80  4.08906363775662
81  4.09523928081421
82  4.10131430595535
83  4.10729153155401
84  4.11317367540277
85  4.11896318764155
86  4.12466291838849
87  4.13027512024054
88  4.13580212078420
89  4.14124616009475
90  4.14660939497363
91  4.15189390283151
92  4.15710168619620
93  4.16223467416819
94  4.16729472989500
95  4.17228364946118
96  4.17720316561192
97  4.18205495282339
98  4.18684062781261
99  4.19156675239009
100  4.19622477173891
101  4.20082137606100
102  4.20535766068957
103  4.20983520819814
104  4.21425527622885
105  4.21861915659518
106  4.22292809317016
107  4.22718307528876
108  4.23138568597465
109  4.23553677621081
110  4.23963748583291
111  4.24368888587139
112  4.24769200589091
113  4.25164784504934
114  4.25555737329047
115  4.25942153232554
116  4.26324123664404
117  4.26701737478910
118  4.27075081175155
119  4.27444238396749
120  4.27809290769255
121  4.28170317663606
122  4.28527396286332
123  4.28880601637745
124  4.29230006810563
125  4.29575682720114
126  4.29917698658759
127  4.30256122014834
128  4.30591018449767
129  4.30922452025748
130  4.31250484819284
131  4.31575177506270
132  4.31896588248675
133  4.32214776387101
134  4.32529797816005
135  4.32841707039227
136  4.33150557547999
137  4.33456401525861
138  4.33759289903977
139  4.34059272383526
140  4.34356397465590
141  4.34650712494259
142  4.34942263751730
143  4.35231096398471
144  4.35517254543766
145  4.35800781274977
146  4.36081718719946
147  4.36360108024343
148  4.36635989421880
149  4.36909402224627
150  4.37180407920760
151  4.37449006166973
152  4.37715240663854
153  4.37979155314755
154  4.38240785295259
155  4.38500164863565
156  4.38757329397633
157  4.39012312784884
158  4.39265145499866
159  4.39515858988629
160  4.39764484203726
161  4.40011050275558
162  4.40255588852498
163  4.40498128457966
164  4.40738696993214
165  4.40977322628305
166  4.41214032770154
167  4.41448854202446
168  4.41681813167482
169  4.41912935458493
170  4.42142246308041
171  4.42369770463066
172  4.42595532198159
173  4.42819555316870
174  4.43041864072427
175  4.43262480953401
176  4.43481427911065
177  4.43698726996359
178  4.43914399850597
179  4.44128467690234
180  4.44340951327413
181  4.44551871254255
182  4.44761247521308
183  4.44969099834869
184  4.45175447543212
185  4.45380309656920
186  4.45583704829203
187  4.45785651378806
188  4.45986167333742
189  4.46185240727314
190  4.46382937812429
191  4.46579266536030
192  4.46774233548339
193  4.46967855339966
194  4.47160148085801
195  4.47351127725012
196  4.47540809859624
197  4.47729209888899
198  4.47916342663542
199  4.48102223616998
200  4.48286867582613
201  4.48470288182697
202  4.48652499699860
203  4.48833516174024
204  4.49013351304200
205  4.49192018514203
206  4.49369531118594
207  4.49545902099234
208  4.49721144302098
209  4.49895270323011
210  4.50068292570276
211  4.50240223275477
212  4.50411074455119
213  4.50580857950693
214  4.50749585433576
215  4.50917268308012
216  4.51083917957201
217  4.51249545459841
218  4.51414161771743
219  4.51577777678432
220  4.51740403803232
221  4.51902050491959
222  4.52062728274218
223  4.52222447150513
224  4.52381217138235
225  4.52539048098246
226  4.52695949723887
227  4.52851931585230
228  4.53007003088861
229  4.53161173537277
230  4.53314452082280
231  4.53466847837104
232  4.53618369377246
233  4.53769025756601
234  4.53918825521136
235  4.54067777188895
236  4.54215889143847
237  4.54363169679691
238  4.54509626938186
239  4.54655268970355
240  4.54800103699768
241  4.54944138689166
242  4.55087382091380
243  4.55229841437048
244  4.55371524108699
245  4.55512437476984
246  4.55652588887495
247  4.55791985548095
248  4.55930634562265
249  4.56068542943374
250  4.56205717603418
251  4.56342165370896
252  4.56477892985480
253  4.56612907082975
254  4.56747214228947
255  4.56880820878974
256  4.57013733448414
257  4.57145958233429
258  4.57277488356919
259  4.57408381451632
260  4.57538581823519
261  4.57668108540890
262  4.57796981523855
263  4.57925206580150
264  4.58052789485086
265  4.58179735918152
266  4.58306051502119
267  4.58431699147202
268  4.58556754889668
269  4.58681196145713
270  4.58805018273450
271  4.58928232961692
272  4.59050845420174
273  4.59172860817254
274  4.59294284237195
275  4.59415120723565
276  4.59535375234150
277  4.59655055089888
278  4.59774160356245
279  4.59892698200903
280  4.60010673370065
281  4.60128090568332
282  4.60244954386814
283  4.60361269406711
284  4.60477040159100
285  4.60592271113626
286  4.60706966668318
287  4.60821131297185
288  4.60934769110487
289  4.61047884470401
290  4.61160481595114
291  4.61272564647579
292  4.61384137740436
293  4.61495157922653
294  4.61605707125028
295  4.61715774401130
296  4.61825347789053
297  4.61934431131732
298  4.62043028290322
299  4.62151143027209
300  4.62258779130810
301  4.62365939448077
302  4.62472624640119
303  4.62578841553546
304  4.62684594178108
305  4.62789886054401
306  4.62894720697511
307  4.62999101603221
308  4.63103032178150
309  4.63206515838820
310  4.63309555949159
311  4.63412155833056
312  4.63514318758958
313  4.63616048071070
314  4.63717346908455
315  4.63818218482484
316  4.63918665948965
317  4.64018692430670
318  4.64118301007644
319  4.64217494752831
320  4.64316276691392
321  4.64414649813460
322  4.64512617069346
323  4.64610181405494
324  4.64707345709878
325  4.64804112870833
326  4.64900485713764
327  4.64996467062082
328  4.65092059699651
329  4.65187266379292
330  4.65282089802382
331  4.65376532728560
332  4.65470597798400
333  4.65564287669313
334  4.65657604962403
335  4.65750552260534
336  4.65843132145680
337  4.65935347155294
338  4.66027199809740
339  4.66118692594987
340  4.66209827992814
341  4.66300608449658
342  4.66391036355674
343  4.66481114133698
344  4.66570844159084
345  4.66660228784594
346  4.66749270330515
347  4.66837971107198
348  4.66926333405025
349  4.67014359465743
350  4.67102051553081
351  4.67189411875768
352  4.67276442635567
353  4.67363146012735
354  4.67449524161843
355  4.67535579222929
356  4.67621313297705
357  4.67706728517339
358  4.67791826926095
359  4.67876610593446
360  4.67961081559424
361  4.68045241852304
362  4.68129093457805
363  4.68212638378952
364  4.68295878557031
365  4.68378815957567
366  4.68461452499997
367  4.68543790100805
368  4.68625830650313
369  4.68707576038895
370  4.68789028114438
371  4.68870188727575
372  4.68951059706540
373  4.69031642852635
374  4.69111939967392
375  4.69191952835450
376  4.69271683202464
377  4.69351132828779
378  4.69430303446443
379  4.69509196776118
380  4.69587814511512
381  4.69666158347485
382  4.69744229946761
383  4.69822030970216
384  4.69899563065400
385  4.69976827852668
386  4.70053826974461
387  4.70130561987442
388  4.70207034499086
389  4.70283246094287
390  4.70359198316059
391  4.70434892718649
392  4.70510330835860
393  4.70585514192168
394  4.70660444282949
395  4.70735122621940
396  4.70809550679711
397  4.70883729952903
398  4.70957661880172
399  4.71031347894132
400  4.71104789433601
401  4.71177987920020
402  4.71250944761554
403  4.71323661361121
404  4.71396139100319
405  4.71468379352142
406  4.71540383371066
407  4.71612152692579
408  4.71683688632880
409  4.71754992473912
410  4.71826065532242
411  4.71896909130744
412  4.71967524563484
413  4.72037913109155
414  4.72108076051201
415  4.72178013900500
416  4.72247729175143
417  4.72317222864025
418  4.72386495962436
419  4.72455549712773
420  4.72524385294730
421  4.72593003929323
422  4.72661406595694
423  4.72729594922284
424  4.72797569882019
425  4.72865332630995
426  4.72932884337463
427  4.73000226149904
428  4.73067359205069
429  4.73134284648864
430  4.73201003602875
431  4.73267517171469
432  4.73333826485215
433  4.73399932621334
434  4.73465836679885
435  4.73531539743366
436  4.73597042885689
437  4.73662347176970
438  4.73727453669491
439  4.73792363412726
440  4.73857077464391
441  4.73921597050923
442  4.73985922843105
443  4.74050055935254
444  4.74113997583420
445  4.74177748461206
446  4.74241309705270
447  4.74304727668527
448  4.74367868256208
449  4.74430867731492
450  4.74493681523841
451  4.74556310596002
452  4.74618755905215
453  4.74681018389607
454  4.74743098991936
455  4.74804998644032
456  4.74866718274126
457  4.74928258764396
458  4.74989621088562
459  4.75050806120937
460  4.75111814762655
461  4.75172647906930
462  4.75233306424880
463  4.75293791218264
464  4.75354103142014
465  4.75414243076336
466  4.75474211875769
467  4.75534010394975
468  4.75593639476575
469  4.75653099968857
470  4.75712392703575
471  4.75771518522106
472  4.75830478240243
473  4.75889272664014
474  4.75947902620692
475  4.76006368915928
476  4.76064672360853
477  4.76122813722636
478  4.76180793815929
479  4.76238613421653
480  4.76296273312490
481  4.76353774266612
482  4.76411117052242
483  4.76468302436543
484  4.76525331169416
485  4.76582204009617
486  4.76638921701545
487  4.76695484987201
488  4.76751894606856
489  4.76808151290827
490  4.76864255765491
491  4.76920208744642
492  4.76976010960626
493  4.77031663134771
494  4.77087165958730
495  4.77142520141853
496  4.77197726377445
497  4.77252785361799
498  4.77307697784029
499  4.77362464330791
500  4.77417085681750
501  4.77471562506385
502  4.77525895449092
503  4.77580085227245
504  4.77634132495250
505  4.77688037898483
506  4.77741802087259
507  4.77795425710414
508  4.77848909415885
509  4.77902253832702
510  4.77955459617057
511  4.78008527395848
512  4.78061457794226
513  4.78114251436252
514  4.78166908941954
515  4.78219430927344
516  4.78271818006987
517  4.78324070787923
518  4.78376189886967
519  4.78428176328431
520  4.78480029973549
521  4.78531751552925
522  4.78583341818430
523  4.78634801348363
524  4.78686130727421
525  4.78737330533100
526  4.78788401334159
527  4.78839343714340
528  4.78890158237541
529  4.78940845450703
530  4.78991405926425
531  4.79041840216978
532  4.79092148906682
533  4.79142332481201
534  4.79192391209417
535  4.79242326982215
536  4.79292138283788
537  4.79341826866569
538  4.79391393256068
539  4.79440837982597
540  4.79490160352248
541  4.79539362988832
542  4.79588444997441
543  4.79637407229659
544  4.79686250205635
545  4.79734974439397
546  4.79783580436279
547  4.79832068548235
548  4.79880439508765
549  4.79928693765733
550  4.79976831775728
551  4.80024854030388
552  4.80072761020473
553  4.80120553230449
554  4.80168231140144
555  4.80215795230450
556  4.80263245979377
557  4.80310583861071
558  4.80357809346835
559  4.80404922910984
560  4.80451925008899
561  4.80498816107218
562  4.80545596666570
563  4.80592267146863
564  4.80638827998410
565  4.80685279664882
566  4.80731622622810
567  4.80777857297241
568  4.80823984137824
569  4.80870003558088
570  4.80915916054948
571  4.80961722033669
572  4.81007421928929
573  4.81053016176639
574  4.81098505197461
575  4.81143889423956
576  4.81189169277513
577  4.81234345171099
578  4.81279417548910
579  4.81324385844198
580  4.81369252079543
581  4.81414016346469
582  4.81458678749699
583  4.81503239663958
584  4.81547699510455
585  4.81592058699373
586  4.81636317617699
587  4.81680476666736
588  4.81724536244304
589  4.81768496741550
590  4.81812358559874
591  4.81856122032061
592  4.81899787551836
593  4.81943355555692
594  4.81986826826164
595  4.82030200918677
596  4.82073478626831
597  4.82116660321894
598  4.82159746378803
599  4.82202737161246
600  4.82245633056095
601  4.82288434422761
602  4.82331141625461
603  4.82373755029404
604  4.82416274996486
605  4.82458701881988
606  4.82501036063719
607  4.82543277873660
608  4.82585427693973
609  4.82627485833136
610  4.82669452667172
611  4.82711328539804
612  4.82753113799305
613  4.82794808780821
614  4.82836413845091
615  4.82877929310929
616  4.82919355542298
617  4.82960692862027
618  4.83001941607220
619  4.83043102111080
620  4.83084174700996
621  4.83125159710353
622  4.83166057469452
623  4.83206868300771
624  4.83247592529316
625  4.83288230478267
626  4.83328782468759
627  4.83369248825582
628  4.83409629849598
629  4.83449925874002
630  4.83490137207321
631  4.83530264160622
632  4.83570307045435
633  4.83610266171731
634  4.83650141847242
635  4.83689934384287
636  4.83729644074800
637  4.83769271227921
638  4.83808816144952
639  4.83848279125596
640  4.83887660468090
641  4.83926960472365
642  4.83966179443822
643  4.84005317653569
644  4.84044375410685
645  4.84083352981003
646  4.84122250669942
647  4.84161068765100
648  4.84199807554582
649  4.84238467318823
650  4.84277048343023
651  4.84315550913151
652  4.84353975302316
653  4.84392321790714
654  4.84430590657249
655  4.84468782177866
656  4.84506896619762
657  4.84544934275109
658  4.84582895399938
659  4.84620780268839
660  4.84658589150846
661  4.84696322315879
662  4.84733980026011
663  4.84771562551680
664  4.84809070149979
665  4.84846503086540
666  4.84883861621607
667  4.84921146016305
668  4.84958356528921
669  4.84995493418168
670  4.85032556936826
671  4.85069547340086
672  4.85106464892020
673  4.85143309833899
674  4.85180082428578
675  4.85216782831098
676  4.85253411529501
677  4.85289968491086
678  4.85326454108753
679  4.85362868556425
680  4.85399212211778
681  4.85435485199079
682  4.85471687791121
683  4.85507820230524
684  4.85543882751085
685  4.85579875584471
686  4.85615798986630
687  4.85651653180408
688  4.85687438422739
689  4.85723154927400
690  4.85758802912529
691  4.85794382629973
692  4.85829894288127
693  4.85865338123805
694  4.85900714372701
695  4.85936023255948
696  4.85971264999045
697  4.86006439831388
698  4.86041547969784
699  4.86076589667207
700  4.86111565102491
701  4.86146474504066
702  4.86181318084820
703  4.86216096089094
704  4.86250808715283
705  4.86285456182742
706  4.86320038699113
707  4.86354556490835
708  4.86389009763772
709  4.86423398731221
710  4.86457723603664
711  4.86491984599057
712  4.86526181914425
713  4.86560315915826
714  4.86594386501336
715  4.86628394033385
716  4.86662338525983
717  4.86696220566224
718  4.86730040158248
719  4.86763797514519
720  4.86797492831166
721  4.86831126307536
722  4.86864698158482
723  4.86898208553921
724  4.86931657712200
725  4.86965045825381
726  4.86998373094797
727  4.87031639691058
728  4.87064845828121
729  4.87097991691230
730  4.87131077479899
731  4.87164103380019
732  4.87197069590764
733  4.87229976290169
734  4.87262823673602
735  4.87295611932175
736  4.87328341248805
737  4.87361011811743
738  4.87393623802752
739  4.87426177408468
740  4.87458672812537
741  4.87491110197160
742  4.87523489742855
743  4.87555811630849
744  4.87588076048249
745  4.87620280312979
746  4.87652422814027
747  4.87684508513859
748  4.87716537619523
749  4.87748510305138
750  4.87780426750118
751  4.87812287139099
752  4.87844091624501
753  4.87875840390523
754  4.87907533618516
755  4.87939171460488
756  4.87970754100739
757  4.88002281709731
758  4.88033923640713
759  4.88065341902897
760  4.88096705654591
761  4.88128015049706
762  4.88159270245213
763  4.88190471411590
764  4.88221618718038
765  4.88252712324905
766  4.88283752408464
767  4.88314739121141
768  4.88345672599328
769  4.88376553024354
770  4.88407380577912
771  4.88438155397467
772  4.88468877648750
773  4.88499547502818
774  4.88530165093037
775  4.88560730599726
776  4.88591244158442
777  4.88621705935965
778  4.88652116087369
779  4.88682474755272
780  4.88712782121728
781  4.88743038322888
782  4.88773243509180
783  4.88803397835925
784  4.88833501453239
785  4.88863554516565
786  4.88893557170398
787  4.88923509557426
788  4.88953411846507
789  4.88983299665342
790  4.89013059124031
791  4.89042819539417
792  4.89072522862523
793  4.89102176812221
794  4.89131781550704
795  4.89161337193015
796  4.89190843889300
797  4.89220301788223
798  4.89249711032457
799  4.89279071782257
800  4.89308384148945
801  4.89337648281861
802  4.89366864322432
803  4.89396032412684
804  4.89425152692227
805  4.89454225285531
806  4.89483250358073
807  4.89512228040949
808  4.89541158460506
809  4.89570041750550
810  4.89598878052141
811  4.89627667501085
812  4.89656410231714
813  4.89685106377654
814  4.89713756083863
815  4.89742359461552
816  4.89770916656971
817  4.89799427798680
818  4.89827893016102
819  4.89856312438392
820  4.89884686208489
821  4.89913014443277
822  4.89941297259472
823  4.89969397035459
824  4.89997542779493
825  4.90025689962583
826  4.90053792237126
827  4.90081849748206
828  4.90109862621969
829  4.90137830965400
830  4.90165754939636
831  4.90193634651636
832  4.90221470233246
833  4.90249261811457
834  4.90277009482383
835  4.90304713384194
836  4.90332373644004
837  4.90359990365502
838  4.90387560419640
839  4.90415082850645
840  4.90442561962850
841  4.90469997878029
842  4.90497390715778
843  4.90524740595098
844  4.90552047626232
845  4.90579311960553
846  4.90606533673959
847  4.90633712900367
848  4.90660849754897
849  4.90687944356957
850  4.90714996827094
851  4.90742007264235
852  4.90768975801410
853  4.90795902534468
854  4.90822787593927
855  4.90849631087264
856  4.90876433129734
857  4.90903193829710
858  4.90929913301450
859  4.90956591656861
860  4.90983229007306
861  4.91009825463706
862  4.91036381136575
863  4.91062896134417
864  4.91089370570029
865  4.91115804551066
866  4.91142198217438
867  4.91168551634191
868  4.91194864939096
869  4.91221138224301
870  4.91247371602165
871  4.91273565174875
872  4.91299719040641
873  4.91325833317703
874  4.91351908102229
875  4.91377943505007
876  4.91403939623747
877  4.91429896592864
878  4.91455814472420
879  4.91481693374003
880  4.91507533410067
881  4.91533334683336
882  4.91559097296121
883  4.91584821349424
884  4.91610506946600
885  4.91636154191042
886  4.91661763178214
887  4.91687333998312
888  4.91712866775012
889  4.91738361597436
890  4.91763818572705
891  4.91789237786381
892  4.91814619340547
893  4.91839963335589
894  4.91865269877990
895  4.91890539048048
896  4.91915770955897
897  4.91940965688490
898  4.91966123348276
899  4.91991244030967
900  4.92016327831923
901  4.92041374846764
902  4.92066385171754
903  4.92091358899572
904  4.92116296124759
905  4.92141196941544
906  4.92166061444497
907  4.92190889722396
908  4.92215681883416
909  4.92240437993751
910  4.92265158163370
911  4.92289842482186
912  4.92314491041449
913  4.92339103932070
914  4.92363681243233
915  4.92388223067490
916  4.92412729495036
917  4.92437200615381
918  4.92461636518149
919  4.92486037292608
920  4.92510403027712
921  4.92534733814641
922  4.92559029736660
923  4.92583290882940
924  4.92607517343881
925  4.92631709205488
926  4.92655866553320
927  4.92679989464634
928  4.92704078052210
929  4.92728132383931
930  4.92752152548495
931  4.92776138631420
932  4.92800090722726
933  4.92824008895772
934  4.92847893241779
935  4.92871743843709
936  4.92895560788227
937  4.92919344156641
938  4.92943094037931
939  4.92966810510013
940  4.92990493642040
941  4.93014143550520
942  4.93037760292760
943  4.93061337721527
944  4.93084888373437
945  4.93108406113363
946  4.93131891017936
947  4.93155343168000
948  4.93178762645300
949  4.93202149530848
950  4.93225503903297
951  4.93248825841994
952  4.93272115426311
953  4.93295372735340
954  4.93318597847912
955  4.93341790842607
956  4.93364951797712
957  4.93388080791236
958  4.93411177902134
959  4.93434243204371
960  4.93457276778194
961  4.93480278713425
962  4.93503249059904
963  4.93526187907267
964  4.93549095331660
965  4.93571971411140
966  4.93594816216999
967  4.93617629826762
968  4.93640412315515
969  4.93663163757130
970  4.93685884226759
971  4.93708573803828
972  4.93731232541373
973  4.93753860542659
974  4.93776457868313
975  4.93799024591560
976  4.93821560785477
977  4.93844066522626
978  4.93866541875189
979  4.93888986917118
980  4.93911401719608
981  4.93933786351686
982  4.93956140890461
983  4.93978465429980
984  4.94000594681286
985  4.94022802999766
986  4.94045037636186
987  4.94067242528510
988  4.94089417749331
989  4.94111563368550
990  4.94133679455884
991  4.94155766080792
992  4.94177823309757
993  4.94199851217260
994  4.94221849869305
995  4.94243819338923
996  4.94265759685461
997  4.94287671004176
998  4.94309553324144
999  4.94331406722407
1000  4.94353231273020
1001  4.94375027043158
1002  4.94396794105158
1003  4.94418532513337
1004  4.94440242345060
1005  4.94461923660597
1006  4.94483576531844
1007  4.94505201017407
1008  4.94526797186533
1009  4.94548365104647
1010  4.94569904836967
1011  4.94591416448474
1012  4.94612900003941
1013  4.94634355565692
1014  4.94655783202616
1015  4.94677182976889
1016  4.94698554952116
1017  4.94719899194591
1018  4.94741215762828
1019  4.94762504722582
1020  4.94783766102248
1021  4.94805000034099
1022  4.94826206546144
1023  4.94847385699453
1024  4.94868537560047
1025  4.94889662186805
1026  4.94910759642262
1027  4.94931829987097
1028  4.94952873284124
1029  4.94973889594667
1030  4.94994878994231
1031  4.95015841514881
1032  4.95036777245712
1033  4.95057686228220
1034  4.95078568517293
1035  4.95099424161998
1036  4.95120253259225
1037  4.95141055862169
1038  4.95161831689042
1039  4.95182578978457
1040  4.95203299743186
1041  4.95223994217576
1042  4.95244662463973
1043  4.95265304533552
1044  4.95285920453364
1045  4.95306510341584
1046  4.95327074242780
1047  4.95347612200591
1048  4.95368124273241
1049  4.95388610535308
1050  4.95409071013283
1051  4.95429505779428
1052  4.95449914890707
1053  4.95470298403792
1054  4.95490656375163
1055  4.95510988849695
1056  4.95531295916044
1057  4.95551577601707
1058  4.95571833966898
1059  4.95592065059872
1060  4.95612270954565
1061  4.95632451697680
1062  4.95652607343897
1063  4.95672737948742
1064  4.95692843566904
1065  4.95712924251567
1066  4.95732980062081
1067  4.95753011090106
1068  4.95773017305468
1069  4.95792998805235
1070  4.95812955643129
1071  4.95832887852178
1072  4.95852795515107
1073  4.95872678684131
1074  4.95892537408305
1075  4.95912371735295
1076  4.95932181720591
1077  4.95951967414442
1078  4.95971728877433
1079  4.95991466151140
1080  4.96011179278474
1081  4.96030868331935
1082  4.96050533355181
1083  4.96070174399816
1084  4.96089791517232
1085  4.96109384758724
1086  4.96128954174055
1087  4.96148499819144
1088  4.96168021737778
1089  4.96187519971874
1090  4.96206994597554
1091  4.96226445651720
1092  4.96245873184558
1093  4.96265277246186
1094  4.96284657886424
1095  4.96304015155005
1096  4.96323349100128
1097  4.96342659773977
1098  4.96361947224475
1099  4.96381211499500
1100  4.96400452650540
1101  4.96419670727116
1102  4.96438865774669
1103  4.96458037842426
1104  4.96477186963390
1105  4.96496313242739
1106  4.96515416655979
1107  4.96534497298137
1108  4.96553555175709
1109  4.96572590388784
1110  4.96591602949305
1111  4.96610592922979
1112  4.96629560321521
1113  4.96648505235492
1114  4.96667427694731
1115  4.96686327746088
1116  4.96705205436235
1117  4.96724060814060
1118  4.96742893921279
1119  4.96761704806515
1120  4.96780493514657
1121  4.96799260094186
1122  4.96818004589722
1123  4.96836727046986
1124  4.96855427514151
1125  4.96874106031495
1126  4.96892762646876
1127  4.96911397404139
1128  4.96930010351083
1129  4.96948601531268
1130  4.96967170988265
1131  4.96985718771389
1132  4.97004244919519
1133  4.97022749479244
1134  4.97041232494821
1135  4.97059694010401
1136  4.97078134069981
1137  4.97096552717442
1138  4.97114949995147
1139  4.97133325949462
1140  4.97151680622506
1141  4.97170014056404
1142  4.97188326296865
1143  4.97206617385769
1144  4.97224887369585
1145  4.97243136285339
1146  4.97261364179539
1147  4.97279571090788
1148  4.97297757060441
1149  4.97315922137543
1150  4.97334066362261
1151  4.97352189774821
1152  4.97370292418861
1153  4.97388374335950
1154  4.97406435569596
1155  4.97424476157062
1156  4.97442496142161
1157  4.97460495570052
1158  4.97478474474535
1159  4.97496432904257
1160  4.97514370894001
1161  4.97532288485961
1162  4.97550185720961
1163  4.97568062642155
1164  4.97585919288880
1165  4.97603755701588
1166  4.97621571920627
1167  4.97639367986237
1168  4.97657143938522
1169  4.97674899818089
1170  4.97692635664253
1171  4.97710351516106
1172  4.97728047413944
1173  4.97745723396092
1174  4.97763379504442
1175  4.97781015777083
1176  4.97798632253235
1177  4.97816228974225
1178  4.97833805974581
1179  4.97851363295412
1180  4.97868900974010
1181  4.97886419051080
1182  4.97903917564619
1183  4.97921396552183
1184  4.97938856053626
1185  4.97956296111545
1186  4.97973716754416
1187  4.97991118024927
1188  4.98008499961005
1189  4.98025862591101
1190  4.98043205970224
1191  4.98060530129317
1192  4.98077835118643
1193  4.98095120954023
1194  4.98112387667034
1195  4.98129635322727
1196  4.98146863934077
1197  4.98164073558989
1198  4.98181264221835
1199  4.98198435953625
1200  4.98215588793964
1201  4.98232722784084
1202  4.98249837958662
1203  4.98266934354941
1204  4.98284012009188
1205  4.98301070956332
1206  4.98318111234850
1207  4.98335132879496
1208  4.98352135926108
1209  4.98369120410452
1210  4.98386086368175
1211  4.98403033834799
1212  4.98419962827862
1213  4.98436873411761
1214  4.98453765615726
1215  4.98470639470001
1216  4.98487495020736
1217  4.98504332287412
1218  4.98521151323634
1219  4.98537952135848
1220  4.98554734765899
1221  4.98571499255318
1222  4.98588245623212
1223  4.98604973934701
1224  4.98621684208743
1225  4.98638376481801
1226  4.98655050783543
1227  4.98671707149012
1228  4.98688345619289
1229  4.98704966217551
1230  4.98721568971565
1231  4.98738153936378
1232  4.98754721134874
1233  4.98771270599250
1234  4.98787802356948
1235  4.98804316457091
1236  4.98820812924357
1237  4.98837291790974
1238  4.98853753096490
1239  4.98870196860777
1240  4.98886623123586
1241  4.98903031925536
1242  4.98919423297092
1243  4.98935797247140
1244  4.98952153835454
1245  4.98968493086232
1246  4.98984815031444
1247  4.99001119720384
1248  4.99017407153157
1249  4.99033677374614
1250  4.99049930421547
1251  4.99066166321098
1252  4.99082385107340
1253  4.99098586812004
1254  4.99114771466762
1255  4.99130939101870
1256  4.99147089750813
1257  4.99163223443768
1258  4.99179340212658
1259  4.99195440087591
1260  4.99211523101963
1261  4.99227589285683
1262  4.99243638669718
1263  4.99259671284980
1264  4.99275687162330
1265  4.99291686332473
1266  4.99307668824809
1267  4.99323634675160
1268  4.99339583907488
1269  4.99355516554847
1270  4.99371432646370
1271  4.99387332218322
1272  4.99403215293710
1273  4.99419081903784
1274  4.99434932079834
1275  4.99450765854076
1276  4.99466583251894
1277  4.99482384303965
1278  4.99498169042702
1279  4.99513937496421
1280  4.99529689694683
1281  4.99545425677659
1282  4.99561145456927
1283  4.99576849065490
1284  4.99592536536087
1285  4.99608207905205
1286  4.99623863193642
1287  4.99639502425204
1288  4.99655125652659
1289  4.99670732869811
1290  4.99686324122986
1291  4.99701899440941
1292  4.99717458854085
1293  4.99733002387219
1294  4.99748530071187
1295  4.99764041934132
1296  4.99779538004426
1297  4.99795018310348
1298  4.99810482880156
1299  4.99825931774692
1300  4.99841364967814
1301  4.99856782500125
1302  4.99872184406214
1303  4.99887570716201
1304  4.99902941456728
1305  4.99918296657847
1306  4.99933636346049
1307  4.99948960548874
1308  4.99964269293868
1309  4.99979562608473
1310  4.99994840518741
1311  5.00010103054597
1312  5.00025350241956
1313  5.00040582116248
1314  5.00055798688059
1315  5.00070999991474
1316  5.00086186055831
1317  5.00101356911627
1318  5.00116512578064
1319  5.00131653083392
1320  5.00146778454958
1321  5.00161888716919
1322  5.00176983902065
1323  5.00192064033776
1324  5.00207129154526
1325  5.00222179258555
1326  5.00237214387025
1327  5.00252234570775
1328  5.00267239830256
1329  5.00282230193824
1330  5.00297205687531
1331  5.00312166320218
1332  5.00327112148914
1333  5.00342043188389
1334  5.00356959461387
1335  5.00371860993602
1336  5.00386747810701
1337  5.00401619937375
1338  5.00416477390830
1339  5.00431320215784
1340  5.00446148427521
1341  5.00460962051381
1342  5.00475761112635
1343  5.00490545641457
1344  5.00505315655069
1345  5.00520071182685
1346  5.00534812245423
1347  5.00549538870880
1348  5.00564251080621
1349  5.00578948904951
1350  5.00593632367652
1351  5.00608301492268
1352  5.00622956303410
1353  5.00637596825657
1354  5.00652223085794
1355  5.00666835102378
1356  5.00681432935402
1357  5.00696016556671
1358  5.00710586001022
1359  5.00725141302680
1360  5.00739682484670
1361  5.00754209573419
1362  5.00768722591796
1363  5.00783221563775
1364  5.00797706518163
1365  5.00812177469108
1366  5.00826634443986
1367  5.00841077469144
1368  5.00855506566969
1369  5.00869921761054
1370  5.00884323075012
1371  5.00898710532344
1372  5.00913084158036
1373  5.00927443957850
1374  5.00941789985984
1375  5.00956122251021
1376  5.00970440776209
1377  5.00984745584696
1378  5.00999036698335
1379  5.01013314139591
1380  5.01027577939436
1381  5.01041828114191
1382  5.01056064685024
1383  5.01070287643542
1384  5.01084497082072
1385  5.01098692984922
1386  5.01112875377208
1387  5.01127044281572
1388  5.01141199720575
1389  5.01155341715445
1390  5.01169470291248
1391  5.01183585468607
1392  5.01197687270847
1393  5.01211775719776
1394  5.01225850836869
1395  5.01239912643762
1396  5.01253961165183
1397  5.01267996422044
1398  5.01282018436383
1399  5.01296027230192
1400  5.01310022839348
1401  5.01324005256576
1402  5.01337974520221
1403  5.01351930650754
1404  5.01365873669923
1405  5.01379803599422
1406  5.01393720460829
1407  5.01407624274587
1408  5.01421515064560
1409  5.01435392853305
1410  5.01449257642073
1411  5.01463109485583
1412  5.01476948386950
1413  5.01490774376374
1414  5.01504587464106
1415  5.01518387676199
1416  5.01532175033751
1417  5.01545949557830
1418  5.01559711285689
1419  5.01573460205797
1420  5.01587196355351
1421  5.01600919755201
1422  5.01614630426189
1423  5.01628328389070
1424  5.01642013663325
1425  5.01655686272157
1426  5.01669346234943
1427  5.01682993572243
1428  5.01696628307286
1429  5.01710250458200
1430  5.01723860041909
1431  5.01737457082190
1432  5.01751041599206
1433  5.01764613613199
1434  5.01778173144410
1435  5.01791720213049
1436  5.01805254837991
1437  5.01818777044196
1438  5.01832286845845
1439  5.01845784265286
1440  5.01859269322435
1441  5.01872742037250
1442  5.01886201927992
1443  5.01899672980292
1444  5.01913092585988
1445  5.01926508020291
1446  5.01939919000124
1447  5.01953317782772
1448  5.01966704371964
1449  5.01980078797213
1450  5.01993441076696
1451  5.02006799967865
1452  5.02020138018633
1453  5.02033463982044
1454  5.02046777875997
1455  5.02060079721618
1456  5.02073369537436
1457  5.02086647345356
1458  5.02099913159130
1459  5.02113166982784
1460  5.02126408869556
1461  5.02139638823274
1462  5.02152856861653
1463  5.02166063003560
1464  5.02179257272851
1465  5.02192439678478
1466  5.02205610245297
1467  5.02218768989733
1468  5.02231915917358
1469  5.02245051075429
1470  5.02258174467611
1471  5.02271286112864
1472  5.02284386028718
1473  5.02297474236214
1474  5.02310550752535
1475  5.02323615596063
1476  5.02336668785170
1477  5.02349710338213
1478  5.02362740272275
1479  5.02375758629075
1480  5.02388765383412
1481  5.02401760578561
1482  5.02414744224644
1483  5.02427716343754
1484  5.02440676952644
1485  5.02453626071894
1486  5.02466563718159
1487  5.02479489912064
1488  5.02492404666067
1489  5.02505308010931
1490  5.02518199942897
1491  5.02531080492272
1492  5.02543949675589
1493  5.02556807510535
1494  5.02569654014740
1495  5.02582489187697
1496  5.02595304107761
1497  5.02608116704548
1498  5.02620918044642
1499  5.02633708143193
1500  5.02646487016076
1501  5.02659254696283
1502  5.02672011170368
1503  5.02684756472941
1504  5.02697490619345
1505  5.02710213557667
1506  5.02722924916532
1507  5.02735625119202
1508  5.02748314227082
1509  5.02760992248976
1510  5.02773659202617
1511  5.02786315103339
1512  5.02798959966147
1513  5.02811593842636
1514  5.02824216686469
1515  5.02836828544011
1516  5.02849429418669
1517  5.02862019361385
1518  5.02874598333685
1519  5.02887166401888
1520  5.02899723572375
1521  5.02912269862859
1522  5.02924805287680
1523  5.02937329859189
1524  5.02949843597769
1525  5.02962346517885
1526  5.02974838639630
1527  5.02987319971949
1528  5.02999790535616
1529  5.03012250347521
1530  5.03024699425670
1531  5.03037137781317
1532  5.03049565432614
1533  5.03061982392903
1534  5.03074388691266
1535  5.03086784329152
1536  5.03099169329097
1537  5.03111543704438
1538  5.03123907471741
1539  5.03136260647393
1540  5.03148603248064
1541  5.03160935291276
1542  5.03173256792829
1543  5.03185567770782
1544  5.03197868224420
1545  5.03210158187315
1546  5.03222437678385
1547  5.03234706703102
1548  5.03246965283948
1549  5.03259213429581
1550  5.03271451154754
1551  5.03283678482596
1552  5.03295895419943
1553  5.03308101989107
1554  5.03320298239573
1555  5.03332484127284
1556  5.03344659678123
1557  5.03356824923299
1558  5.03368979877139
1559  5.03381124549772
1560  5.03393258954733
1561  5.03405383112249
1562  5.03417497075658
1563  5.03429600788704
1564  5.03441694297518
1565  5.03453777622190
1566  5.03465850773851
1567  5.03477913768545
1568  5.03489966623896
1569  5.03502009352036
1570  5.03514041968660
1571  5.03526064492471
1572  5.03538076930506
1573  5.03550079305128
1574  5.03562071623555
1575  5.03574053908803
1576  5.03586026170047
1577  5.03597988423865
1578  5.03609940685601
1579  5.03621882969999
1580  5.03633815291466
1581  5.03645739659197
1582  5.03657652750991
1583  5.03669555268673
1584  5.03681447883317
1585  5.03693330607308
1586  5.03705203457885
1587  5.03717066441903
1588  5.03728919583483
1589  5.03740762892526
1590  5.03752596383593
1591  5.03764420069715
1592  5.03776233962504
1593  5.03788038101752
1594  5.03799832460080
1595  5.03811617072140
1596  5.03823391950389
1597  5.03835157109771
1598  5.03846912565088
1599  5.03858658332777
1600  5.03870394421784
1601  5.03882120849602
1602  5.03893837629370
1603  5.03905544780423
1604  5.03917242306685
1605  5.03928930224924
1606  5.03940608549225
1607  5.03952277298016
1608  5.03963936480284
1609  5.03975586108848
1610  5.03987226201867
1611  5.03998856776986
1612  5.04010477837610
1613  5.04022089402540
1614  5.04033691486855
1615  5.04045284101314
1616  5.04056867255693
1617  5.04068440974627
1618  5.04080005263842
1619  5.04091560138099
1620  5.04103105612276
1621  5.04114641695795
1622  5.04126168387930
1623  5.04137685776321
1624  5.04149193770731
1625  5.04160692437550
1626  5.04172181787622
1627  5.04183661848410
1628  5.04195132610091
1629  5.04206594042016
1630  5.04218046246878
1631  5.04229489193796
1632  5.04240922898946
1633  5.04252347373473
1634  5.04263762636950
1635  5.04275168697454
1636  5.04286565568110
1637  5.04297953263125
1638  5.04309331796004
1639  5.04320701178547
1640  5.04332061424102
1641  5.04343412492733
1642  5.04354754483622
1643  5.04366087400875
1644  5.04377411229461
1645  5.04388725998224
1646  5.04400031694709
1647  5.04411328350441
1648  5.04422615964724
1649  5.04433894559384
1650  5.04445164147379
1651  5.04456424739486
1652  5.04467676345847
1653  5.04478918981327
1654  5.04490152660474
1655  5.04501377393153
1656  5.04512593190253
1657  5.04523800071047
1658  5.04534998044092
1659  5.04546187121774
1660  5.04557367333528
1661  5.04568537845831
1662  5.04579700310888
1663  5.04590853931298
1664  5.04601998716598
1665  5.04613134680619
1666  5.04624261838024
1667  5.04635380196919
1668  5.04646489772893
1669  5.04657590574429
1670  5.04668682619507
1671  5.04679765915230
1672  5.04690840476258
1673  5.04701906315107
1674  5.04712963439590
1675  5.04724011865910
1676  5.04735051607322
1677  5.04746082676523
1678  5.04757105085410
1679  5.04768118836920
1680  5.04779123948781
1681  5.04790120378290
1682  5.04801108247973
1683  5.04812087515435
1684  5.04823058187737
1685  5.04834020285707
1686  5.04844973821061
1687  5.04855918797268
1688  5.04866855222659
1689  5.04877783118295
1690  5.04888702494761
1691  5.04899613362175
1692  5.04910515730298
1693  5.04921409614024
1694  5.04932295022482
1695  5.04943171969205
1696  5.04954040465652
1697  5.04964900521099
1698  5.04975752150640
1699  5.04986595361457
1700  5.04997430158534
1701  5.05008256572113
1702  5.05019074591777
1703  5.05029884254837
1704  5.05040685556616
1705  5.05051478512996
1706  5.05062263135399
1707  5.05073039430609
1708  5.05083807412188
1709  5.05094567088080
1710  5.05105318476315
1711  5.05116061585737
1712  5.05126796425663
1713  5.05137523008268
1714  5.05148241342861
1715  5.05158951421826
1716  5.05169653297606
1717  5.05180346962598
1718  5.05191032421935
1719  5.05201709694351
1720  5.05212378787302
1721  5.05223039709107
1722  5.05233692475887
1723  5.05244337095096
1724  5.05254963572326
1725  5.05265591928393
1726  5.05276212167693
1727  5.05286824315885
1728  5.05297428362913
1729  5.05308024329608
1730  5.05318612225913
1731  5.05329192062952
1732  5.05339763851576
1733  5.05350327600344
1734  5.05360883324474
1735  5.05371431032534
1736  5.05381970733658
1737  5.05392502440976
1738  5.05403026164274
1739  5.05413541914249
1740  5.05424049685322
1741  5.05434549520619
1742  5.05445041413172
1743  5.05455525376047
1744  5.05466001413934
1745  5.05476469546749
1746  5.05486929783126
1747  5.05497382133128
1748  5.05507826599703
1749  5.05518263198396
1750  5.05528691938638
1751  5.05539112833015
1752  5.05549525890818
1753  5.05559931122488
1754  5.05570328538351
1755  5.05580718148753
1756  5.05591099965229
1757  5.05601473995703
1758  5.05611840274217
1759  5.05622198765821
1760  5.05632549503378
1761  5.05642892497155
1762  5.05653227757312
1763  5.05663555294144
1764  5.05673875116567
1765  5.05684187236938
1766  5.05694491664347
1767  5.05704788412119
1768  5.05715077484977
1769  5.05725358894864
1770  5.05735632650085
1771  5.05745898764344
1772  5.05756157245637
1773  5.05766408104331
1774  5.05776651350437
1775  5.05786886993884
1776  5.05797115044628
1777  5.05807335512567
1778  5.05817548406606
1779  5.05827753738662
1780  5.05837951517610
1781  5.05848141756106
1782  5.05858324458292
1783  5.05868499636846
1784  5.05878667300317
1785  5.05888827461039
1786  5.05898980127476
1787  5.05909125309240
1788  5.05919263016156
1789  5.05929393257925
1790  5.05939516044266
1791  5.05949631172763
1792  5.05959739005903
1793  5.05969839483664
1794  5.05979932544595
1795  5.05990018198174
1796  5.06000096454000
1797  5.06010167268743
1798  5.06020230670362
1799  5.06030286703690
1800  5.06040335376890
1801  5.06050376699561
1802  5.06060410681025
1803  5.06070437330776
1804  5.06080456658251
1805  5.06090468673786
1806  5.06100473391316
1807  5.06110470816609
1808  5.06120460963228
1809  5.06130443830546
1810  5.06140419435137
1811  5.06150387777820
1812  5.06160348871887
1813  5.06170302729139
1814  5.06180249357665
1815  5.06190188766570
1816  5.06200121204496
1817  5.06210046204882
1818  5.06219964011266
1819  5.06229874634415
1820  5.06239778083738
1821  5.06249674367556
1822  5.06259563497155
1823  5.06269445482318
1824  5.06279320328721
1825  5.06289188047065
1826  5.06299048647038
1827  5.06308902137107
1828  5.06318748526443
1829  5.06328587823249
1830  5.06338420037171
1831  5.06348245181645
1832  5.06358063256799
1833  5.06367874276026
1834  5.06377678250739
1835  5.06387475183710
1836  5.06397265088581
1837  5.06407047973103
1838  5.06416823846209
1839  5.06426592716760
1840  5.06436354591734
1841  5.06446109475248
1842  5.06455857408449
1843  5.06465598352473
1844  5.06475332340017
1845  5.06485059378635
1846  5.06494779477439
1847  5.06504492645923
1848  5.06514198891655
1849  5.06523898222686
1850  5.06533590626075
1851  5.06543276156766
1852  5.06552954794648
1853  5.06562626549273
1854  5.06572291435037
1855  5.06581949454868
1856  5.06591600618918
1857  5.06601244938234
1858  5.06610882420146
1859  5.06620513073190
1860  5.06630136917008
1861  5.06639753951765
1862  5.06649364153285
1863  5.06658967570711
1864  5.06668564207708
1865  5.06678154066677
1866  5.06687737155494
1867  5.06697313483218
1868  5.06706883058277
1869  5.06716445889009
1870  5.06726001982546
1871  5.06735551349760
1872  5.06745093998773
1873  5.06754629935880
1874  5.06764159170390
1875  5.06773681715938
1876  5.06783197570864
1877  5.06792706747545
1878  5.06802209254532
1879  5.06811705099155
1880  5.06821194325690
1881  5.06830676873643
1882  5.06840152785021
1883  5.06849622067943
1884  5.06859084730612
1885  5.06868540779947
1886  5.06877990226563
1887  5.06887433042496
1888  5.06896869294182
1889  5.06906298977606
1890  5.06915722089467
1891  5.06925138637831
1892  5.06934548633638
1893  5.06943952078350
1894  5.06953348985269
1895  5.06962739360126
1896  5.06972123211648
1897  5.06981500552108
1898  5.06990871380837
1899  5.07000235710122
1900  5.07009593546668
1901  5.07018944900888
1902  5.07028289782831
1903  5.07037628193648
1904  5.07046960144425
1905  5.07056285643196
1906  5.07065604693991
1907  5.07074917312320
1908  5.07084223501321
1909  5.07093523270241
1910  5.07102816626599
1911  5.07112103577931
1912  5.07121384131970
1913  5.07130658296497
1914  5.07139926080208
1915  5.07149187487682
1916  5.07158442530120
1917  5.07167691213957
1918  5.07176933546903
1919  5.07186169527996
1920  5.07195399179376
1921  5.07204622503662
1922  5.07213839509658
1923  5.07223050201906
1924  5.07232254591042
1925  5.07241452682328
1926  5.07250644483558
1927  5.07259830002564
1928  5.07269009246908
1929  5.07278182224074
1930  5.07287348943277
1931  5.07296509408702
1932  5.07305663629779
1933  5.07314811609650
1934  5.07323953362270
1935  5.07333088893993
1936  5.07342218211155
1937  5.07351341321129
1938  5.07360458230540
1939  5.07369568948223
1940  5.07378673481328
1941  5.07387771839407
1942  5.07396864038821
1943  5.07405950065970
1944  5.07415029932285
1945  5.07424103650248
1946  5.07433171227926
1947  5.07442232672286
1948  5.07451287990600
1949  5.07460337198411
1950  5.07469380287535
1951  5.07478417271517
1952  5.07487448158549
1953  5.07496472955933
1954  5.07505491689884
1955  5.07514504329625
1956  5.07523510901345
1957  5.07532511412255
1958  5.07541505905613
1959  5.07550494316455
1960  5.07559476686762
1961  5.07568453026228
1962  5.07577423340693
1963  5.07586387620179
1964  5.07595345906638
1965  5.07604298189012
1966  5.07613244478957
1967  5.07622184776022
1968  5.07631119089698
1969  5.07640047429705
1970  5.07648969799643
1971  5.07657886208282
1972  5.07666796662577
1973  5.07675701169582
1974  5.07684599736305
1975  5.07693492368796
1976  5.07702379131428
1977  5.07711259919113
1978  5.07720134794372
1979  5.07729003764106
1980  5.07737866837783
1981  5.07746724017297
1982  5.07755575312654
1983  5.07764420748396
1984  5.07773260293975
1985  5.07782093975599
1986  5.07790921799889
1987  5.07799743775274
1988  5.07808559905470
1989  5.07817370199345
1990  5.07826174662729
1991  5.07834973301644
1992  5.07843766125429
1993  5.07852553139530
1994  5.07861334350792
1995  5.07870109765913
1996  5.07878879401509
1997  5.07887643244574
1998  5.07896401311650
1999  5.07905153609514
2000  5.07913900145541
2001  5.07922640924998
2002  5.07931375955266
2003  5.07940105254424
2004  5.07948828806355
2005  5.07957546609689
2006  5.07966258702506
2007  5.07974965086283
2008  5.07983665761012
2009  5.07992360735835
2010  5.08001050011586
2011  5.08009733597729
2012  5.08018411504901
2013  5.08027083732813
2014  5.08035750289437
2015  5.08044411182730
2016  5.08053066418787
2017  5.08061716005583
2018  5.08070359947612
2019  5.08078998238891
2020  5.08087630915060
2021  5.08096257964299
2022  5.08104879394254
2023  5.08113495213948
2024  5.08122105428525
2025  5.08130710044347
2026  5.08139309067904
2027  5.08147902484912
2028  5.08156490343092
2029  5.08165072628173
2030  5.08173649347234
2031  5.08182220504300
2032  5.08190786108249
2033  5.08199346165154
2034  5.08207900680259
2035  5.08216449660158
2036  5.08224993110769
2037  5.08233531043950
2038  5.08242063455319
2039  5.08250590358111
2040  5.08259111757295
2041  5.08267627658870
2042  5.08276138069336
2043  5.08284642994951
2044  5.08293142441963
2045  5.08301636417293
2046  5.08310124926002
2047  5.08318607972855
2048  5.08327085566921
2049  5.08335557714216
2050  5.08344024422126
2051  5.08352485691792
2052  5.08360941532341
2053  5.08369391949892
2054  5.08377836949305
2055  5.08386276539261
2056  5.08394710724544
2057  5.08403139511594
2058  5.08411562906280
2059  5.08419980914580
2060  5.08428393543469
2061  5.08436800778924
2062  5.08445202657671
2063  5.08453599179828
2064  5.08461990346982
2065  5.08470376164904
2066  5.08478756637876
2067  5.08487131772688
2068  5.08495501575408
2069  5.08503866051959
2070  5.08512225207135
2071  5.08520579049325
2072  5.08528927583287
2073  5.08537270814942
2074  5.08545608750950
2075  5.08553941395985
2076  5.08562268756305
2077  5.08570590837948
2078  5.08578907646910
2079  5.08587219187884
2080  5.08595525452509
2081  5.08603826472888
2082  5.08612122249671
2083  5.08620412783078
2084  5.08628698078927
2085  5.08636978148531
2086  5.08645252985457
2087  5.08653522603530
2088  5.08661787007362
2089  5.08670046203613
2090  5.08678300196211
2091  5.08686548991859
2092  5.08694792599324
2093  5.08703031018435
2094  5.08711264257879
2095  5.08719492323109
2096  5.08727715220411
2097  5.08735932955238
2098  5.08744145533276
2099  5.08752352960238
2100  5.08760555247323
2101  5.08768752388231
2102  5.08776944394885
2103  5.08785131294760
2104  5.08793313051614
2105  5.08801489691426
2106  5.08809661219828
2107  5.08817827642433
2108  5.08825988964895
2109  5.08834145192868
2110  5.08842296337244
2111  5.08850442392061
2112  5.08858583369702
2113  5.08866719275421
2114  5.08874850114507
2115  5.08882975892517
2116  5.08891096615041
2117  5.08899212288500
2118  5.08907322915652
2119  5.08915428504548
2120  5.08923529060375
2121  5.08931624588347
2122  5.08939715093951
2123  5.08947800582705
2124  5.08955881060702
2125  5.08963956532290
2126  5.08972027003203
2127  5.08980092479099
2128  5.08988152964298
2129  5.08996208466570
2130  5.09004258985726
2131  5.09012304536228
2132  5.09020345118666
2133  5.09028380738640
2134  5.09036411404535
2135  5.09044437114578
2136  5.09052457879544
2137  5.09060473705489
2138  5.09068484594648
2139  5.09076490553875
2140  5.09084491587351
2141  5.09092487701353
2142  5.09100478901190
2143  5.09108465192162
2144  5.09116446579616
2145  5.09124423070430
2146  5.09132394667314
2147  5.09140361375899
2148  5.09148323202076
2149  5.09156280151214
2150  5.09164232228490
2151  5.09172179439220
2152  5.09180121811468
2153  5.09188059305649
2154  5.09195991948094
2155  5.09203919744889
2156  5.09211842701279
2157  5.09219760822482
2158  5.09227674097206
2159  5.09235582563542
2160  5.09243486215867
2161  5.09251385046997
2162  5.09259279070050
2163  5.09267168288971
2164  5.09275052708884
2165  5.09282932334994
2166  5.09290807172380
2167  5.09298677227096
2168  5.09306542501222
2169  5.09314403003270
2170  5.09322258725019
2171  5.09330109696612
2172  5.09337955909273
2173  5.09345797368963
2174  5.09353634080771
2175  5.09361466049738
2176  5.09369293280961
2177  5.09377115779490
2178  5.09384933552125
2179  5.09392746606023
2180  5.09400554936592
2181  5.09408358555429
2182  5.09416157465362
2183  5.09423951673250
2184  5.09431741184245
2185  5.09439526000890
2186  5.09447306135493
2187  5.09455081582925
2188  5.09462852352742
2189  5.09470618452388
2190  5.09478379881720
2191  5.09486136648245
2192  5.09493888756315
2193  5.09501636211275
2194  5.09509379018187
2195  5.09517117181747
2196  5.09524850707381
2197  5.09532579599743
2198  5.09540303864577
2199  5.09548023493802
2200  5.09555738515574
2201  5.09563448923592
2202  5.09571154721438
2203  5.09578855916448
2204  5.09586552512221
2205  5.09594244513636
2206  5.09601931925496
2207  5.09609614752993
2208  5.09617293000890
2209  5.09624967049853
2210  5.09632636151514
2211  5.09640300688601
2212  5.09647960662888
2213  5.09655616082423
2214  5.09663266950872
2215  5.09670913272920
2216  5.09678555039775
2217  5.09686192261645
2218  5.09693824973131
2219  5.09701453156008
2220  5.09709076817501
2221  5.09716695961075
2222  5.09724310595283
2223  5.09731920717166
2224  5.09739526336209
2225  5.09747127455232
2226  5.09754724079896
2227  5.09762316214876
2228  5.09769903864783
2229  5.09777487033233
2230  5.09785065727089
2231  5.09792639949935
2232  5.09800209706388
2233  5.09807775003673
2234  5.09815335841236
2235  5.09822892226358
2236  5.09830444163204
2237  5.09837991658119
2238  5.09845534719132
2239  5.09853073340390
2240  5.09860607532233
2241  5.09868137299174
2242  5.09875662645848
2243  5.09883183576828
2244  5.09890700096639
2245  5.09898212209850
2246  5.09905719919931
2247  5.09913223233661
2248  5.09920722154448
2249  5.09928216687646
2250  5.09935706837013
2251  5.09943192606099
2252  5.09950674000341
2253  5.09958151024202
2254  5.09965623680987
2255  5.09973091977627
2256  5.09980555917385
2257  5.09988015504771
2258  5.09995470744240
2259  5.10002921640239
2260  5.10010368197216
2261  5.10017810419666
2262  5.10025248312700
2263  5.10032681888403
2264  5.10040111133651
2265  5.10047536066984
2266  5.10054956683283
2267  5.10062372994632
2268  5.10069784999440
2269  5.10077192705124
2270  5.10084596116013
2271  5.10091995235252
2272  5.10099390069776
2273  5.10106780622688
2274  5.10114166897920
2275  5.10121548899618
2276  5.10128926634507
2277  5.10136300103529
2278  5.10143669314694
2279  5.10151034269076
2280  5.10158394971666
2281  5.10165751426286
2282  5.10173103639531
2283  5.10180451616168
2284  5.10187795357878
2285  5.10195134869462
2286  5.10202470170961
2287  5.10209801262448
2288  5.10217128110953
2289  5.10224450747496
2290  5.10231769175369
2291  5.10239083399132
2292  5.10246393422866
2293  5.10253699251248
2294  5.10261000888426
2295  5.10268298338666
2296  5.10275591606224
2297  5.10282880694946
2298  5.10290165608059
2299  5.10297446351673
2300  5.10304722929775
2301  5.10311995346274
2302  5.10319263603903
2303  5.10326527708698
2304  5.10333787665471
2305  5.10341043477443
2306  5.10348295219951
2307  5.10355542754746
2308  5.10362784709426
2309  5.10370021239374
2310  5.10377253651233
2311  5.10384481965706
2312  5.10391706159234
2313  5.10398926244762
2314  5.10406142225729
2315  5.10413354110828
2316  5.10420561900109
2317  5.10427765601171
2318  5.10434965217104
2319  5.10442160757766
2320  5.10449352215806
2321  5.10456539601004
2322  5.10463722917404
2323  5.10470902169107
2324  5.10478077358949
2325  5.10485248508211
2326  5.10492415590208
2327  5.10499578624376
2328  5.10506737613718
2329  5.10513892563213
2330  5.10521043475574
2331  5.10528190355560
2332  5.10535333207187
2333  5.10542472034549
2334  5.10549606840422
2335  5.10556737631188
2336  5.10563864402267
2337  5.10570987200538
2338  5.10578105975464
2339  5.10585220740919
2340  5.10592331510801
2341  5.10599438287402
2342  5.10606541075127
2343  5.10613639878758
2344  5.10620734701860
2345  5.10627825548332
2346  5.10634912422134
2347  5.10641995331894
2348  5.10649074272170
2349  5.10656149251559
2350  5.10663220273931
2351  5.10670287343228
2352  5.10677350462195
2353  5.10684409639875
2354  5.10691464874024
2355  5.10698516170843
2356  5.10705563533247
2357  5.10712606965942
2358  5.10719646472786
2359  5.10726682057653
2360  5.10733713726170
2361  5.10740741478639
2362  5.10747765320668
2363  5.10754785256165
2364  5.10761801288912
2365  5.10768813422755
2366  5.10775821662443
2367  5.10782826009947
2368  5.10789826470871
2369  5.10796823047392
2370  5.10803815742864
2371  5.10810804563569
2372  5.10817789514680
2373  5.10824770594758
2374  5.10831747810169
2375  5.10838721164687
2376  5.10845690662182
2377  5.10852656306358
2378  5.10859618100685
2379  5.10866576049493
2380  5.10873530156363
2381  5.10880480425787
2382  5.10887426859858
2383  5.10894369463168
2384  5.10901308239416
2385  5.10908243192322
2386  5.10915174325622
2387  5.10922101643016
2388  5.10929025147360
2389  5.10935944843866
2390  5.10942860735862
2391  5.10949772827830
2392  5.10956681121577
2393  5.10963585621608
2394  5.10970486332473
2395  5.10977383256200
2396  5.10984276397292
2397  5.10991165758081
2398  5.10998051344843
2399  5.11004933159955
2400  5.11011811207028
2401  5.11018685489698
2402  5.11025556017412
2403  5.11032422782262
2404  5.11039285794578
2405  5.11046145056124
2406  5.11053000571517
2407  5.11059852343915
2408  5.11066700380782
2409  5.11073544656735
2410  5.11080385212399
2411  5.11087222047239
2412  5.11094055161045
2413  5.11100884553863
2414  5.11107710229244
2415  5.11114532189514
2416  5.11121350440819
2417  5.11128164986286
2418  5.11134975827696
2419  5.11141782969567
2420  5.11148586418872
2421  5.11155386172201
2422  5.11162182236601
2423  5.11168974615575
2424  5.11176321106586
2425  5.11183106351944
2426  5.11189887930556
2427  5.11196665848934
2428  5.11203440087144
2429  5.11210210651354
2430  5.11216977554905
2431  5.11223740866693
2432  5.11230500463357
2433  5.11237256410946
2434  5.11244008711109
2435  5.11250757370706
2436  5.11257502391886
2437  5.11264243777814
2438  5.11270981532329
2439  5.11277715667849
2440  5.11284446169543
2441  5.11291173050217
2442  5.11297896746722
2443  5.11304616395713
2444  5.11311332372106
2445  5.11318044802951
2446  5.11324753628429
2447  5.11331458840782
2448  5.11338160454362
2449  5.11344858472815
2450  5.11351552899539
2451  5.11358243737989
2452  5.11364930991483
2453  5.11371614662232
2454  5.11378294756131
2455  5.11384971276161
2456  5.11391644211201
2457  5.11398313594047
2458  5.11404979409210
2459  5.11411641663982
2460  5.11418300360010
2461  5.11424955501562
2462  5.11431607091964
2463  5.11438255133400
2464  5.11444899631476
2465  5.11451540588431
2466  5.11458178007596
2467  5.11464811893222
2468  5.11471442267617
2469  5.11478069096079
2470  5.11484692397352
2471  5.11491312177143
2472  5.11497928439315
2473  5.11504541186999
2474  5.11511150423402
2475  5.11517756151876
2476  5.11524358375637
2477  5.11530957098078
2478  5.11537552322414
2479  5.11544144051859
2480  5.11550732290626
2481  5.11557317040259
2482  5.11563898303693
2483  5.11570476086542
2484  5.11577050390991
2485  5.11583621220340
2486  5.11590188577499
2487  5.11596752465898
2488  5.11603312888738
2489  5.11609869864561
2490  5.11616423368146
2491  5.11622973413523
2492  5.11629520006551
2493  5.11636063151120
2494  5.11642602848586
2495  5.11649139103147
2496  5.11655671917918
2497  5.11662201296891
2498  5.11668727241738
2499  5.11675249756427
2500  5.11681768844144
2501  5.11688284508577
2502  5.11694796752352
2503  5.11701305578197
2504  5.11707810999148
2505  5.11714312984276
2506  5.11720811576983
2507  5.11727306767734
2508  5.11733798553788
2509  5.11740286941325
2510  5.11746771933077
2511  5.11753253533073
2512  5.11759731744076
2513  5.11766206564773
2514  5.11772678006984
2515  5.11779146069566
2516  5.11785610755530
2517  5.11792072068124
2518  5.11798530011260
2519  5.11804984593711
2520  5.11811435803475
2521  5.11817883653348
2522  5.11824328145294
2523  5.11830769253658
2524  5.11837206974420
2525  5.11843641348546
2526  5.11850072379089
2527  5.11856500069183
2528  5.11862924421873
2529  5.11869345438864
2530  5.11875763125853
2531  5.11882177485471
2532  5.11888588519019
2533  5.11894997337622
2534  5.11901401730268
2535  5.11907802806872
2536  5.11914200571250
2537  5.11920595024898
2538  5.11926986171605
2539  5.11933374013143
2540  5.11939758555012
2541  5.11946139798975
2542  5.11952517748058
2543  5.11958892405987
2544  5.11965263774583
2545  5.11971631859124
2546  5.11977996659441
2547  5.11984358179269
2548  5.11990716421215
2549  5.11997071390751
2550  5.12003423088886
2551  5.12009771519043
2552  5.12016116678712
2553  5.12022458581936
2554  5.12028797226099
2555  5.12035132586435
2556  5.12041464692314
2557  5.12047793548623
2558  5.12054119162213
2559  5.12060441528743
2560  5.12066760656508
2561  5.12073076909170
2562  5.12079389566834
2563  5.12085698992589
2564  5.12092005190173
2565  5.12098308162500
2566  5.12104607912422
2567  5.12110904442937
2568  5.12117197755688
2569  5.12123487856939
2570  5.12129774749318
2571  5.12136058431162
2572  5.12142338908168
2573  5.12148616183132
2574  5.12154890258977
2575  5.12161161139381
2576  5.12167428825605
2577  5.12173693321323
2578  5.12179954634450
2579  5.12186212757489
2580  5.12192467698901
2581  5.12198718339604
2582  5.12204966926410
2583  5.12211212339016
2584  5.12217454581153
2585  5.12223693655671
2586  5.12229929565426
2587  5.12236162313314
2588  5.12242391901619
2589  5.12248618334121
2590  5.12254841559177
2591  5.12261061661959
2592  5.12267278576555
2593  5.12273492344361
2594  5.12279702603790
2595  5.12285910086655
2596  5.12292114430922
2597  5.12298315639631
2598  5.12304513714457
2599  5.12310708660173
2600  5.12316900478628
2601  5.12323089147645
2602  5.12329274687233
2603  5.12335457106781
2604  5.12341636409025
2605  5.12347812596735
2606  5.12353985672663
2607  5.12360155640450
2608  5.12366322499867
2609  5.12372486257151
2610  5.12378646921729
2611  5.12384804480400
2612  5.12390958943914
2613  5.12397110315010
2614  5.12403258597216
2615  5.12409403791703
2616  5.12415545901974
2617  5.12421684930749
2618  5.12427820879704
2619  5.12433953753842
2620  5.12440083555522
2621  5.12446210285819
2622  5.12452333950970
2623  5.12458454548359
2624  5.12464572083339
2625  5.12470686558668
2626  5.12476797977047
2627  5.12482906341959
2628  5.12489011653232
2629  5.12495113926213
2630  5.12501213143735
2631  5.12507309317727
2632  5.12513402450959
2633  5.12519492492814
2634  5.12525579552365
2635  5.12531663579142
2636  5.12537744575750
2637  5.12543822545026
2638  5.12549897488313
2639  5.12555969438422
2640  5.12562038342209
2641  5.12568104226953
2642  5.12574167097012
2643  5.12580226956465
2644  5.12586283807061
2645  5.12592337651856
2646  5.12598388493777
2647  5.12604436334155
2648  5.12610481174940
2649  5.12616523021388
2650  5.12622561874981
2651  5.12628597737995
2652  5.12634630613469
2653  5.12640660504416
2654  5.12646687412015
2655  5.12652711339514
2656  5.12658732289879
2657  5.12664750265417
2658  5.12670765268014
2659  5.12676777302662
2660  5.12682786369649
2661  5.12688792472282
2662  5.12694795614806
2663  5.12700795801293
2664  5.12706793027532
2665  5.12712787300041
2666  5.12718778622006
2667  5.12724766994287
2668  5.12730752418333
2669  5.12736734900528
2670  5.12742714440978
2671  5.12748691049300
2672  5.12754664714992
2673  5.12760635447653
2674  5.12766603248891
2675  5.12772568124727
2676  5.12778530071556
2677  5.12784489095499
2678  5.12790445198130
2679  5.12796398382642
2680  5.12802348651235
2681  5.12808296007046
2682  5.12814240451621
2683  5.12820181988050
2684  5.12826120619246
2685  5.12832056346739
2686  5.12837989173612
2687  5.12843919102840
2688  5.12849846135895
2689  5.12855770274620
2690  5.12861691524383
2691  5.12867609885547
2692  5.12873525361827
2693  5.12879437954077
2694  5.12885347666074
2695  5.12891254499539
2696  5.12897158457188
2697  5.12903059543390
2698  5.12908957767655
2699  5.12914853115016
2700  5.12920745594553
2701  5.12926635210711
2702  5.12932521966352
2703  5.12938405863122
2704  5.12944286908820
2705  5.12950165096875
2706  5.12956040432992
2707  5.12961912920406
2708  5.12967782560605
2709  5.12973649356931
2710  5.12979513312343
2711  5.12985374428845
2712  5.12991232708912
2713  5.12997065685553
2714  5.13002889004770
2715  5.13008709487714
2716  5.13014527137265
2717  5.13020341957269
2718  5.13026153945451
2719  5.13031963105914
2720  5.13037769440552
2721  5.13044199841573
2722  5.13050000762720
2723  5.13055798874400
2724  5.13061594170552
2725  5.13067386654167
2726  5.13073176327715
2727  5.13078963193517
2728  5.13084835469651
2729  5.13090270800471
2730  5.13095955371408
2731  5.13101826578485
2732  5.13107694950458
2733  5.13113560492329
2734  5.13119423202383
2735  5.13125283091977
2736  5.13131140158937
2737  5.13136994406623
2738  5.13142845835641
2739  5.13148060837155
2740  5.13153906408434
2741  5.13159685870766
2742  5.13165430910766
2743  5.13171173182102
2744  5.13176912686496
2745  5.13182649424821
2746  5.13188383400458
2747  5.13193737802882
2748  5.13200476322691
2749  5.13206202246884
2750  5.13211925430418
2751  5.13217645860775
2752  5.13223363542099
2753  5.13229078492064
2754  5.13234790683322
2755  5.13240500132976
2756  5.13246225338241
2757  5.13251958447127
2758  5.13257688826572
2759  5.13263416480362
2760  5.13269141411160
2761  5.13274863621227
2762  5.13280583111358
2763  5.13286299886651
2764  5.13292013948589
2765  5.13297725297799
2766  5.13303433937809
2767  5.13309139878245
2768  5.13314843107720
2769  5.13320543634614
2770  5.13326241461069
2771  5.13331936590165
2772  5.13337629024491
2773  5.13343318762801
2774  5.13349005810264
2775  5.13354690168696
2776  5.13360371840279
2777  5.13366050826682
2778  5.13371727132101
2779  5.13377400752284
2780  5.13383071696972
2781  5.13388739967889
2782  5.13394405554785
2783  5.13400068476622
2784  5.13405728746243
2785  5.13411386344434
2786  5.13417041270346
2787  5.13422693534091
2788  5.13428343137499
2789  5.13433990083507
2790  5.13439634373377
2791  5.13445276010215
2792  5.13450914996287
2793  5.13456551327800
2794  5.13462185012760
2795  5.13467816053606
2796  5.13473444481612
2797  5.13479070240718
2798  5.13484693362125
2799  5.13490313849413
2800  5.13495931702218
2801  5.13501546928958
2802  5.13507159522202
2803  5.13512769488397
2804  5.13518376828935
2805  5.13523981548284
2806  5.13529583648613
2807  5.13535183129713
2808  5.13540779995070
2809  5.13546374246645
2810  5.13551965885643
2811  5.13557554916408
2812  5.13563141317402
2813  5.13568725128940
2814  5.13574306342742
2815  5.13579884956177
2816  5.13585460969164
2817  5.13591034382831
2818  5.13596605202552
2819  5.13602173428869
2820  5.13607739065302
2821  5.13613302112870
2822  5.13618862574256
2823  5.13624420451528
2824  5.13629975746768
2825  5.13635528461797
2826  5.13641078599455
2827  5.13646626162132
2828  5.13652171150765
2829  5.13657713571255
2830  5.13663253419282
2831  5.13668790700236
2832  5.13674325416821
2833  5.13679857576985
2834  5.13685387152062
2835  5.13690914185387
2836  5.13696438660736
2837  5.13701960582668
2838  5.13707479952324
2839  5.13712996772381
2840  5.13718511043328
2841  5.13724022771717
2842  5.13729531952379
2843  5.13735038590917
2844  5.13740542614482
2845  5.13746044175151
2846  5.13751543200763
2847  5.13757039690625
2848  5.13762533650861
2849  5.13768025080649
2850  5.13773513982847
2851  5.13779000359550
2852  5.13784484212732
2853  5.13789965545314
2854  5.13795444357766
2855  5.13800920653748
2856  5.13806394431714
2857  5.13811865698380
2858  5.13817334452570
2859  5.13822800698917
2860  5.13828264438771
2861  5.13833725673213
2862  5.13839184404417
2863  5.13844640635443
2864  5.13850094366718
2865  5.13855545600999
2866  5.13860994340358
2867  5.13866440593003
2868  5.13871884349338
2869  5.13877325587913
2870  5.13882764368607
2871  5.13888200663667
2872  5.13893634475845
2873  5.13899065807240
2874  5.13904494659771
2875  5.13909921036295
2876  5.13915344937191
2877  5.13920766366108
2878  5.13926184931747
2879  5.13931601420070
2880  5.13937015421754
2881  5.13942426972373
2882  5.13947836066821
2883  5.13953242701432
2884  5.13958646876733
2885  5.13964048593738
2886  5.13969447858961
2887  5.13974844668037
2888  5.13980239026070
2889  5.13985630935846
2890  5.13991020397749
2891  5.13996408250703
2892  5.14001792824598
2893  5.14007174957378
2894  5.14012554650890
2895  5.14017931891174
2896  5.14023306712882
2897  5.14028679100466
2898  5.14034049056623
2899  5.14039416586925
2900  5.14044781686173
2901  5.14050144359759
2902  5.14055504613544
2903  5.14060862441813
2904  5.14066217851133
2905  5.14071570841860
2906  5.14076921461737
2907  5.14082269635910
2908  5.14087615384770
2909  5.14092958723461
2910  5.14098299654092
2911  5.14103638179191
2912  5.14108974299184
2913  5.14114308016344
2914  5.14119639333421
2915  5.14124968251906
2916  5.14130294773615
2917  5.14135618900598
2918  5.14140940635062
2919  5.14146259977783
2920  5.14151576932295
2921  5.14156891498788
2922  5.14162203679895
2923  5.14167513477673
2924  5.14172820892612
2925  5.14178125930115
2926  5.14183428589095
2927  5.14188728872226
2928  5.14194026794038
2929  5.14199322331174
2930  5.14204615498129
2931  5.14209906296743
2932  5.14215194729028
2933  5.14220480797526
2934  5.14225764502543
2935  5.14231045846247
2936  5.14236324831243
2937  5.14241601459231
2938  5.14246875731965
2939  5.14252147651319
2940  5.14257417219896
2941  5.14262684438180
2942  5.14267949309430
2943  5.14273211833982
2944  5.14278472014386
2945  5.14283729855878
2946  5.14288985352414
2947  5.14294237583783
2948  5.14299488108044
2949  5.14304736596655
2950  5.14309982751840
2951  5.14315226574988
2952  5.14320468068743
2953  5.14325707234986
2954  5.14330944075612
2955  5.14336178593088
2956  5.14341410787770
2957  5.14346640664614
2958  5.14351868220614
2959  5.14357093460088
2960  5.14362316384819
2961  5.14367536996533
2962  5.14372755297874
2963  5.14377971289111
2964  5.14383184973654
2965  5.14388396348226
2966  5.14393605418804
2967  5.14398812188029
2968  5.14404016656982
2969  5.14409218826752
2970  5.14414418706953
2971  5.14419616285704
2972  5.14424811572229
2973  5.14430004566621
2974  5.14435195271399
2975  5.14440383688480
2976  5.14445569819518
2977  5.14450753667178
2978  5.14455935231594
2979  5.14461114516243
2980  5.14466291520041
2981  5.14471466247878
2982  5.14476638700430
2983  5.14481808879406
2984  5.14486976787611
2985  5.14492142425357
2986  5.14497305794861
2987  5.14502466898774
2988  5.14507625737183
2989  5.14512782312566
2990  5.14517936626781
2991  5.14523088680193
2992  5.14528238478057
2993  5.14533386019256
2994  5.14538531307023
2995  5.14543674341526
2996  5.14548815125293
2997  5.14553953660215
2998  5.14559089947872
2999  5.14564223990860
3000  5.14569355789332
3001  5.14574485345759
3002  5.14579612661893
3003  5.14584737739303
3004  5.14589860582659
3005  5.14594981189239
3006  5.14600099565485
3007  5.14605215708366
3008  5.14610329619335
3009  5.14615441302964
3010  5.14620550759264
3011  5.14625657990831
3012  5.14630762999294
3013  5.14635865786492
3014  5.14640966353530
3015  5.14646064703193
3016  5.14651160836739
3017  5.14656254759387
3018  5.14661346461139
3019  5.14666435954874
3020  5.14671523240666
3021  5.14676608318851
3022  5.14681691191813
3023  5.14686771859659
3024  5.14691850325776
3025  5.14696926588948
3026  5.14702000654110
3027  5.14707072521679
3028  5.14712142193442
3029  5.14717209671781
3030  5.14722274956961
3031  5.14727338051364
3032  5.14732398957405
3033  5.14737457675184
3034  5.14742514207182
3035  5.14747568555018
3036  5.14752620720514
3037  5.14757670704639
3038  5.14762718510177
3039  5.14767764139096
3040  5.14772807591552
3041  5.14777848869850
3042  5.14782887975654
3043  5.14787924910741
3044  5.14792959677380
3045  5.14797992275766
3046  5.14803022708356
3047  5.14808050977016
3048  5.14813077081740
3049  5.14818101026737
3050  5.14823122812477
3051  5.14828142440568
3052  5.14833159913555
3053  5.14838175231385
3054  5.14843188407294
3055  5.14848199421420
3056  5.14853208286135
3057  5.14858215003183
3058  5.14863219573973
3059  5.14868222000303
3060  5.14873222283154
3061  5.14878220425391
3062  5.14883216428722
3063  5.14888210293179
3064  5.14893202017456
3065  5.14898191609138
3066  5.14903179063492
3067  5.14908164386275
3068  5.14913147578311
3069  5.14918128642092
3070  5.14923107597234
3071  5.14928084413843
3072  5.14933059101896
3073  5.14938031668234
3074  5.14943002114345
3075  5.14947970442515
3076  5.14952936657490
3077  5.14957900754537
3078  5.14962862738185
3079  5.14967822606642
3080  5.14972780364402
3081  5.14977736013002
3082  5.14982689556920
3083  5.14987640992676
3084  5.14992590322043
3085  5.14997537550759
3086  5.15002482677444
3087  5.15007425704428
3088  5.15012366686775
3089  5.15017305536634
3090  5.15022242274899
3091  5.15027176919096
3092  5.15032109471590
3093  5.15037039934578
3094  5.15041968308237
3095  5.15046894593583
3096  5.15051102770044
3097  5.15056024657480
3098  5.15060944457139
3099  5.15065862175203
3100  5.15070777814823
3101  5.15075691375942
3102  5.15080602860881
3103  5.15085512271325
3104  5.15090419608632
3105  5.15095324874483
3106  5.15100228071210
3107  5.15105129197410
3108  5.15110028258884
3109  5.15114925254268
3110  5.15119820185919
3111  5.15124713055254
3112  5.15129603864003
3113  5.15134492614295
3114  5.15139379310190
3115  5.15144263947242
3116  5.15149146529411
3117  5.15154027057652
3118  5.15158905533527
3119  5.15163781960049
3120  5.15168656338398
3121  5.15173528670565
3122  5.15178398956659
3123  5.15183267198833
3124  5.15188133399428
3125  5.15192997558500
3126  5.15197859678157
3127  5.15202719760031
3128  5.15207577808884
3129  5.15212433820372
3130  5.15217287797874
3131  5.15222139743091
3132  5.15226989672379
3133  5.15231837559079
3134  5.15236683418589
3135  5.15241527252289
3136  5.15246369061702
3137  5.15251208849143
3138  5.15256046614602
3139  5.15260882361050
3140  5.15265716090722
3141  5.15270547802101
3142  5.15275377496330
3143  5.15280205178056
3144  5.15285030847401
3145  5.15289854506659
3146  5.15294676155816
3147  5.15299495797897
3148  5.15304313432767
3149  5.15309129062834
3150  5.15313942689491
3151  5.15318754314164
3152  5.15323563939109
3153  5.15328371564286
3154  5.15333177177569
3155  5.15337980808618
3156  5.15342782445587
3157  5.15347582089420
3158  5.15352379741641
3159  5.15357175403645
3160  5.15361969077699
3161  5.15366760763737
3162  5.15371550463935
3163  5.15376338180516
3164  5.15381123913414
3165  5.15385907664875
3166  5.15390689435164
3167  5.15395469228026
3168  5.15400247044608
3169  5.15405022884753
3170  5.15409796750677
3171  5.15414568644735
3172  5.15419338566579
3173  5.15424106518536
3174  5.15428872502135
3175  5.15433636518765
3176  5.15438398570612
3177  5.15443158657499
3178  5.15447916781682
3179  5.15452672944242
3180  5.15457427126937
3181  5.15462179371659
3182  5.15466929659481
3183  5.15471677991764
3184  5.15476424370751
3185  5.15481168796263
3186  5.15485911271106
3187  5.15490651802143
3188  5.15495390378070
3189  5.15500127006995
3190  5.15504861689232
3191  5.15509594431792
3192  5.15514325228973
3193  5.15519054084118
3194  5.15523781000051
3195  5.15528505976798
3196  5.15533229016414
3197  5.15537950120246
3198  5.15542669289855
3199  5.15547386526464
3200  5.15552101832443
3201  5.15556815207560
3202  5.15561526654749
3203  5.15566236172436
3204  5.15570943768574
3205  5.15575649437203
3206  5.15580353182778
3207  5.15585055006557
3208  5.15589754907166
3209  5.15594452869230
3210  5.15599148936985
3211  5.15603843087779
3212  5.15608535323774
3213  5.15613225646465
3214  5.15617914055868
3215  5.15622600555890
3216  5.15627285147291
3217  5.15631967830082
3218  5.15636648607175
3219  5.15641327478360
3220  5.15646004445809
3221  5.15650679510889
3222  5.15655352674993
3223  5.15660023939366
3224  5.15664693306288
3225  5.15669360775517
3226  5.15674026355232
3227  5.15678690034732
3228  5.15683351820136
3229  5.15688011715290
3230  5.15692669720402
3231  5.15697325836680
3232  5.15701980066351
3233  5.15706632409236
3234  5.15711282868335
3235  5.15715931443310
3236  5.15720578136203
3237  5.15725222948509
3238  5.15729865881535
3239  5.15734506935486
3240  5.15739146114730
3241  5.15743783418012
3242  5.15748418847925
3243  5.15753052404924
3244  5.15757684092339
3245  5.15762313908900
3246  5.15766941856327
3247  5.15771567936594
3248  5.15776192151689
3249  5.15780814501517
3250  5.15785434988079
3251  5.15790053613576
3252  5.15794670376365
3253  5.15799285281292
3254  5.15803898328298
3255  5.15808509518793
3256  5.15813118858112
3257  5.15817726338857
3258  5.15822331969974
3259  5.15826935747522
3260  5.15831537674332
3261  5.15836137752601
3262  5.15840735983472
3263  5.15845332367119
3264  5.15849926908088
3265  5.15854519604814
3266  5.15859110459474
3267  5.15863699474165
3268  5.15868286648579
3269  5.15872871987829
3270  5.15877455481145
3271  5.15882037145098
3272  5.15886616835923
3273  5.15891192528358
3274  5.15895766228995
3275  5.15900338095584
3276  5.15904908127868
3277  5.15909476326738
3278  5.15914042696168
3279  5.15918607236152
3280  5.15923169948355
3281  5.15927730832568
3282  5.15932289891169
3283  5.15936847152390
3284  5.15941402563715
3285  5.15945956153292
3286  5.15950507922463
3287  5.15955057872570
3288  5.15959606003590
3289  5.15964152319970
3290  5.15968696829444
3291  5.15973239529745
3292  5.15977780403351
3293  5.15982319465428
3294  5.15986856717267
3295  5.15991392160316
3296  5.15995925795721
3297  5.16000457625455
3298  5.16004987649380
3299  5.16009515870092
3300  5.16014042287755
3301  5.16018566910441
3302  5.16023089725362
3303  5.16027610759793
3304  5.16032129979743
3305  5.16036647404137
3306  5.16041163032821
3307  5.16045676867788
3308  5.16050188911107
3309  5.16054699162471
3310  5.16059207623942
3311  5.16063714296592
3312  5.16068219181897
3313  5.16072722280477
3314  5.16077223594676
3315  5.16081723125177
3316  5.16086220874053
3317  5.16090716840828
3318  5.16095211027628
3319  5.16099703435737
3320  5.16104194066460
3321  5.16108682921544
3322  5.16113170004612
3323  5.16117655310365
3324  5.16122138844403
3325  5.16126620606437
3326  5.16131100598386
3327  5.16135578820146
3328  5.16140055275731
3329  5.16144529964960
3330  5.16149002889795
3331  5.16153474050030
3332  5.16157943448162
3333  5.16162411084491
3334  5.16166876960477
3335  5.16171341080451
3336  5.16175803439825
3337  5.16180264042677
3338  5.16184722889637
3339  5.16189179983005
3340  5.16193635323518
3341  5.16198088913245
3342  5.16202540744880
3343  5.16206990833815
3344  5.16211439175042
3345  5.16215885769437
3346  5.16220330619066
3347  5.16224773723626
3348  5.16229215085059
3349  5.16233654705308
3350  5.16238092584041
3351  5.16242528723215
3352  5.16246963122658
3353  5.16251395785909
3354  5.16255826713004
3355  5.16260255906089
3356  5.16264683364772
3357  5.16269109092003
3358  5.16273533087275
3359  5.16277955352561
3360  5.16282375889098
3361  5.16286794697988
3362  5.16291211780488
3363  5.16295627138555
3364  5.16300040770774
3365  5.16304452692506
3366  5.16308862895974
3367  5.16313271368963
3368  5.16317678118293
3369  5.16322083149525
3370  5.16326486463773
3371  5.16330888063186
3372  5.16335287947308
3373  5.16339686118120
3374  5.16344082591668
3375  5.16348477339267
3376  5.16352870377041
3377  5.16357261706216
3378  5.16361651326539
3379  5.16366039241886
3380  5.16370425452817
3381  5.16374809959063
3382  5.16379192762590
3383  5.16383573865224
3384  5.16387953266680
3385  5.16392330968923
3386  5.16396706972985
3387  5.16401081280020
3388  5.16405453892017
3389  5.16409824809994
3390  5.16414194034075
3391  5.16418561565830
3392  5.16422927405519
3393  5.16427291555280
3394  5.16431654016144
3395  5.16436014789394
3396  5.16440373876063
3397  5.16444731278086
3398  5.16449086995183
3399  5.16453441029974
3400  5.16457793382061
3401  5.16462144053361
3402  5.16466493047939
3403  5.16470840361074
3404  5.16475185995420
3405  5.16479529955725
3406  5.16483872240130
3407  5.16488212850697
3408  5.16492551789223
3409  5.16496889055403
3410  5.16501224651042
3411  5.16505558577193
3412  5.16509890835191
3413  5.16514221425977
3414  5.16518550351612
3415  5.16522877610372
3416  5.16527203207458
3417  5.16531527141217
3418  5.16535849413594
3419  5.16540170032112
3420  5.16544488984500
3421  5.16548806278512
3422  5.16553121916205
3423  5.16557435899300
3424  5.16561748226446
3425  5.16566058900060
3426  5.16570367920571
3427  5.16574675289714
3428  5.16578981008570
3429  5.16583285077356
3430  5.16587587498841
3431  5.16591888274511
3432  5.16596187403636
3433  5.16600484888836
3434  5.16604780732136
3435  5.16609074931408
3436  5.16613367488617
3437  5.16617658405678
3438  5.16621947683579
3439  5.16626235324257
3440  5.16630521327312
3441  5.16634805693293
3442  5.16639088426542
3443  5.16643369525398
3444  5.16647648991924
3445  5.16651926826961
3446  5.16656203031716
3447  5.16660477607359
3448  5.16664750555537
3449  5.16669021876046
3450  5.16673291570692
3451  5.16677559641228
3452  5.16681826087239
3453  5.16686090910633
3454  5.16690354112597
3455  5.16694615693994
3456  5.16698875655557
3457  5.16703133999350
3458  5.16707390729448
3459  5.16711645840753
3460  5.16715899336196
3461  5.16720151217811
3462  5.16724401491952
3463  5.16728650148889
3464  5.16732897163230
3465  5.16737142600600
3466  5.16741386428710
3467  5.16745628648042
3468  5.16749869263033
3469  5.16754108271964
3470  5.16758345676640
3471  5.16762581481128
3472  5.16766815680589
3473  5.16771048279780
3474  5.16775279278191
3475  5.16779508677781
3476  5.16783736480350
3477  5.16787962685383
3478  5.16792187294690
3479  5.16796410381865
3480  5.16800631803047
3481  5.16804851631622
3482  5.16809069868293
3483  5.16813286515028
3484  5.16817501572458
3485  5.16821715042464
3486  5.16825926924530
3487  5.16830137220400
3488  5.16834345931240
3489  5.16838553057971
3490  5.16842758601741
3491  5.16846962564250
3492  5.16851164945265
3493  5.16855365745205
3494  5.16859564968334
3495  5.16863762612978
3496  5.16867958568882
3497  5.16872153061000
3498  5.16876345965325
3499  5.16880537305741
3500  5.16884727077369
3501  5.16888915277408
3502  5.16893101907867
3503  5.16897286968098
3504  5.16901470459939
3505  5.16905652384521
3506  5.16909832742818
3507  5.16914011535892
3508  5.16918188738317
3509  5.16922364405361
3510  5.16926538512077
3511  5.16930711053458
3512  5.16934882035858
3513  5.16939051459258
3514  5.16943219324570
3515  5.16947385632818
3516  5.16951550384970
3517  5.16955713582815
3518  5.16959875226175
3519  5.16964035316667
3520  5.16968193854798
3521  5.16972350842548
3522  5.16976506280488
3523  5.16980660169654
3524  5.16984812511010
3525  5.16988963305569
3526  5.16993112555220
3527  5.16997260259366
3528  5.17001406423248
3529  5.17005551041865
3530  5.17009694117930
3531  5.17013835653331
3532  5.17017975649060
3533  5.17022114106259
3534  5.17026251026510
3535  5.17030386408048
3536  5.17034520249015
3537  5.17038652562446
3538  5.17042783341491
3539  5.17046912587906
3540  5.17051040302813
3541  5.17055166490220
3542  5.17059291151668
3543  5.17063414278622
3544  5.17067535877226
3545  5.17071655949287
3546  5.17075774503284
3547  5.17079891527739
3548  5.17084007025957
3549  5.17088121001632
3550  5.17092233455764
3551  5.17096344389352
3552  5.17100453804048
3553  5.17104561699318
3554  5.17108668076886
3555  5.17112772938583
3556  5.17116876283823
3557  5.17120978114324
3558  5.17125078431181
3559  5.17129177235362
3560  5.17133274527851
3561  5.17137370310437
3562  5.17141464581214
3563  5.17145557344592
3564  5.17149648601042
3565  5.17153738349972
3566  5.17157826593003
3567  5.17161913267780
3568  5.17165998502125
3569  5.17170082233737
3570  5.17174164464057
3571  5.17178245192843
3572  5.17182324421614
3573  5.17186402151051
3574  5.17190478382919
3575  5.17194553117835
3576  5.17198626356599
3577  5.17202698220225
3578  5.17206768513517
3579  5.17210837270680
3580  5.17214904534667
3581  5.17218970307543
3582  5.17223034590841
3583  5.17227097384173
3584  5.17231158689281
3585  5.17235218507001
3586  5.17239276843802
3587  5.17243333690199
3588  5.17247389051785
3589  5.17251442928376
3590  5.17255495323776
3591  5.17259546238464
3592  5.17263595671732
3593  5.17267643625281
3594  5.17271690100091
3595  5.17275735097050
3596  5.17279778617963
3597  5.17283820662346
3598  5.17287861231770
3599  5.17291900327356
3600  5.17295937952923
3601  5.17299974103458
3602  5.17304008782929
3603  5.17308041994787
3604  5.17312073734904
3605  5.17316104007433
3606  5.17320132821767
3607  5.17324160159797
3608  5.17328186032537
3609  5.17332210441539
3610  5.17336233386232
3611  5.17340254914313
3612  5.17344274937144
3613  5.17348293500518
3614  5.17352310601102
3615  5.17356326242093
3616  5.17360340423820
3617  5.17364353150611
3618  5.17368364420866
3619  5.17372374235820
3620  5.17376382596558
3621  5.17380389504082
3622  5.17384394959257
3623  5.17388398963776
3624  5.17392401517204
3625  5.17396402621013
3626  5.17400402276942
3627  5.17404400483792
3628  5.17408397244425
3629  5.17412392559545
3630  5.17416386429709
3631  5.17420378855883
3632  5.17424369839773
3633  5.17428359380802
3634  5.17432347480595
3635  5.17436334132114
3636  5.17440319352997
3637  5.17444303134735
3638  5.17448285478797
3639  5.17452266386342
3640  5.17456245858112
3641  5.17460223929335
3642  5.17464200532425
3643  5.17468175702632
3644  5.17472149439458
3645  5.17476121747250
3646  5.17480092624151
3647  5.17484062071641
3648  5.17488030090758
3649  5.17491996682372
3650  5.17495961848030
3651  5.17499925587100
3652  5.17503887901417
3653  5.17507848791799
3654  5.17511808260080
3655  5.17515766304358
3656  5.17519722928642
3657  5.17523678132657
3658  5.17527631917239
3659  5.17531584283951
3660  5.17535535232735
3661  5.17539484764615
3662  5.17543432880863
3663  5.17547379582881
3664  5.17551324870178
3665  5.17555268744517
3666  5.17559211206306
3667  5.17563152257064
3668  5.17567091904270
3669  5.17571030135933
3670  5.17574966958167
3671  5.17578902371418
3672  5.17582836379998
3673  5.17586768985413
3674  5.17590700182258
3675  5.17594629974934
3676  5.17598558364257
3677  5.17602485351234
3678  5.17606410937350
3679  5.17610335122077
3680  5.17614257907166
3681  5.17618179294195
3682  5.17622099282482
3683  5.17626017872401
3684  5.17629935067277
3685  5.17633850869177
3686  5.17637765279985
3687  5.17641678292189
3688  5.17645589911112
3689  5.17649500138107
3690  5.17653408974958
3691  5.17657316420990
3692  5.17661222477796
3693  5.17665127146259
3694  5.17669030427161
3695  5.17672932321521
