1  0.01005033585350
2  3.91996946398118
3  4.68656488387024
4  5.13442796096556
5  5.44642336587102
6  5.68238723009950
7  5.86992579835105
8  6.02411612548228
9  6.15407782490777
10  6.26574170870984
11  6.36315278302817
12  6.44919316504316
13  6.52598031309225
14  6.59511164435834
15  6.65781864089818
16  6.71506944564060
17  6.76763715583479
18  6.81614790869933
19  6.86111461210055
20  6.90296383956103
21  6.94205183918527
22  6.97867969385949
23  7.01310502411387
24  7.04554655542822
25  7.07619542284307
26  7.10521661705732
27  7.13275454399944
28  7.15893619807785
29  7.18387332229304
30  7.20766512245652
31  7.23040036305002
32  7.25215775026489
33  7.27300826957663
34  7.29301560680467
35  7.31223650198642
36  7.33072462574264
37  7.34852675782756
38  7.36568533643276
39  7.38224044399835
40  7.39822786205348
41  7.41368061864735
42  7.42862909440319
43  7.44310125261644
44  7.45712314384284
45  7.47071783401754
46  7.48390843262313
47  7.49671502178179
48  7.50915675734537
49  7.52125035871488
50  7.53301401322325
51  7.54446219392229
52  7.55561083141441
53  7.56647119628241
54  7.57705570139737
55  7.58737864839011
56  7.59745000802700
57  7.60728026439849
58  7.61687931023101
59  7.62625646262843
60  7.63542051362348
61  7.64437976531937
62  7.65314206800115
63  7.66171484914004
64  7.67010514290655
65  7.67831961657051
66  7.68636459506103
67  7.69424608284956
68  7.70196979254042
69  7.70954120165434
70  7.71696555163896
71  7.72424765850100
72  7.73139221066000
73  7.73840368159649
74  7.74528633946754
75  7.75204426002665
76  7.75868133996665
77  7.76520174653406
78  7.77160770250158
79  7.77790421535343
80  7.78409279523054
81  7.79017860527649
82  7.79616333414968
83  7.80205021563816
84  7.80784201867105
85  7.81354140098815
86  7.81915092006045
87  7.82467302774739
88  7.83011361238443
89  7.83546231954529
90  7.84073600774372
91  7.84593105041353
92  7.85104927837968
93  7.85609288342672
94  7.86106378026396
95  7.86596378241110
96  7.87079463543497
97  7.87555802881558
98  7.88025559199385
99  7.88488889963045
100  7.88945947055491
101  7.89396877735144
102  7.89842323985178
103  7.90281392905760
104  7.90714365692353
105  7.91142664677966
106  7.91564963923638
107  7.91981451344054
108  7.92393742743035
109  7.92800445182835
110  7.93201991094810
111  7.93598783535507
112  7.93990823113088
113  7.94378120119223
114  7.94760825396300
115  7.95139033375443
116  7.95512835680985
117  7.95882321613979
118  7.96247577682946
119  7.96608687988907
120  7.96965734255314
121  7.97318795983716
122  7.97667950443433
123  7.98013275623063
124  7.98354846041466
125  7.98692729618418
126  7.99026995373447
127  7.99357413822890
128  7.99684642634225
129  8.00008449919294
130  8.00328899400534
131  8.00646051614659
132  8.00959951746381
133  8.01270647589112
134  8.01578213981169
135  8.01882707361885
136  8.02184180981790
137  8.02482686087421
138  8.02778276279898
139  8.03070997867032
140  8.03360900351226
141  8.03648030915531
142  8.03932431943590
143  8.04214154458286
144  8.04493241461248
145  8.04769734512579
146  8.05043672224115
147  8.05315100940264
148  8.05584059930972
149  8.05850586645361
150  8.06114718959535
151  8.06376494830641
152  8.06635950873752
153  8.06893122888628
154  8.07148045805183
155  8.07400753865316
156  8.07651280546775
157  8.07899658605627
158  8.08145920095785
159  8.08390096711798
160  8.08632217914052
161  8.08872315892497
162  8.09110418640949
163  8.09346555342532
164  8.09580754256714
165  8.09813043075074
166  8.10043448874376
167  8.10271998292876
168  8.10498716493431
169  8.10723629494483
170  8.10946763578325
171  8.11168142694275
172  8.11387790477039
173  8.11605730358689
174  8.11821985452998
175  8.12036578898707
176  8.12249532740497
177  8.12460868590063
178  8.12670607973540
179  8.12878771872454
180  8.13085383411721
181  8.13290460751940
182  8.13494023746304
183  8.13696091078398
184  8.13896683047094
185  8.14095817269056
186  8.14293470628432
187  8.14489687237187
188  8.14684502847341
189  8.14877936858490
190  8.15070459848762
191  8.15261187622011
192  8.15450585483395
193  8.15638669588363
194  8.15825455924692
195  8.16010960226850
196  8.16195197957883
197  8.16378184279986
198  8.16559934178977
199  8.16740293923692
200  8.16919783186029
201  8.17097910771397
202  8.17274859227600
203  8.17450642215960
204  8.17625273241257
205  8.17798765567231
206  8.17971126293814
207  8.18142380156502
208  8.18312533852250
209  8.18481599817676
210  8.18649092074796
211  8.18816016454241
212  8.18981888608589
213  8.19146720745634
214  8.19310516724657
215  8.19473242933442
216  8.19634952211205
217  8.19795661992615
218  8.19955382102918
219  8.20114124703236
220  8.20271899711916
221  8.20428717401672
222  8.20584588072744
223  8.20739521555520
224  8.20893527826228
225  8.21046616566704
226  8.21198797344224
227  8.21350079321230
228  8.21500472293304
229  8.21649985173557
230  8.21798627015850
231  8.21946406611331
232  8.22093332858693
233  8.22239412871828
234  8.22384657185567
235  8.22529074251541
236  8.22672671667207
237  8.22815457519539
238  8.22957439873604
239  8.23098626537601
240  8.23239025428283
241  8.23378644271309
242  8.23517490678387
243  8.23655571711399
244  8.23792895588301
245  8.23929469179066
246  8.24065299549421
247  8.24200394047892
248  8.24334759556022
249  8.24468402439560
250  8.24601330363808
251  8.24733549904722
252  8.24864467180864
253  8.24995287142820
254  8.25125417922119
255  8.25254866067425
256  8.25383637922247
257  8.25511739679035
258  8.25639177477480
259  8.25765957334120
260  8.25892085260451
261  8.26017567122438
262  8.26142408733274
263  8.26266615851846
264  8.26390194140414
265  8.26513149175003
266  8.26635477786810
267  8.26757176102424
268  8.26878265588937
269  8.26998752487176
270  8.27118621999890
271  8.27237877675799
272  8.27356547662474
273  8.27474637006640
274  8.27592150703075
275  8.27709093668377
276  8.27825470770041
277  8.27941286835636
278  8.28056546567389
279  8.28171920636525
280  8.28286084049068
281  8.28399705261759
282  8.28512788602740
283  8.28625338555411
284  8.28737359514804
285  8.28848855883423
286  8.28959831917345
287  8.29070292006742
288  8.29180240231909
289  8.29289686265983
290  8.29398625411695
291  8.29507063040694
292  8.29615005222503
293  8.29722455955001
294  8.29829419133109
295  8.29935898671234
296  8.30041898415052
297  8.30147422154415
298  8.30252473669950
299  8.30357056652775
300  8.30461161039497
301  8.30565298638389
302  8.30667611621568
303  8.30770776234734
304  8.30873070545818
305  8.30974917764542
306  8.31076321244245
307  8.31177284114876
308  8.31277810134540
309  8.31377902560807
310  8.31477564602355
311  8.31576799577265
312  8.31675610581609
313  8.31774000802669
314  8.31871973562455
315  8.31969531924938
316  8.32066678901070
317  8.32163417538376
318  8.32259750856158
319  8.32355681836146
320  8.32451213449810
321  8.32546348566319
322  8.32641090131675
323  8.32735440987657
324  8.32829403975238
325  8.32922981890823
326  8.33016177514596
327  8.33108993584262
328  8.33200647124407
329  8.33292709949144
330  8.33384401116050
331  8.33475723647680
332  8.33566679731220
333  8.33657272165423
334  8.33747503450003
335  8.33837376168378
336  8.33926893784328
337  8.34016057998919
338  8.34104871147150
339  8.34193335566893
340  8.34281442008386
341  8.34369178326419
342  8.34456570678670
343  8.34543622937631
344  8.34630337385639
345  8.34716716311052
346  8.34802762007198
347  8.34888476732308
348  8.34973862707405
349  8.35058922147140
350  8.35143657243289
351  8.35228070161830
352  8.35312163044307
353  8.35395938031061
354  8.35479397213529
355  8.35562542684651
356  8.35645376523319
357  8.35727900771699
358  8.35810117373028
359  8.35892028469197
360  8.35973636034160
361  8.36054942012002
362  8.36135948351972
363  8.36216656999133
364  8.36297069850882
365  8.36377188842722
366  8.36457015838766
367  8.36536552701431
368  8.36615801291701
369  8.36694763447965
370  8.36773440974882
371  8.36851835681982
372  8.36929949364825
373  8.37007783760862
374  8.37085340631246
375  8.37162621697083
376  8.37239628723669
377  8.37316363394848
378  8.37392827395967
379  8.37469022411504
380  8.37544950102438
381  8.37620612114963
382  8.37696010081776
383  8.37771145616988
384  8.37846020322150
385  8.37920635796011
386  8.37994993601609
387  8.38069095319102
388  8.38142942476875
389  8.38216536450223
390  8.38289879101726
391  8.38362971764382
392  8.38435815929662
393  8.38508413098238
394  8.38580764752611
395  8.38652872333373
396  8.38724737280450
397  8.38796361227690
398  8.38867745212308
399  8.38938890833253
400  8.39009801069716
401  8.39080474935768
402  8.39150913905935
403  8.39221119961566
404  8.39291094523882
405  8.39360838955350
406  8.39430354575571
407  8.39499642715405
408  8.39568704659889
409  8.39637541717612
410  8.39706155177359
411  8.39774546315875
412  8.39842716390692
413  8.39910666678195
414  8.39978398412253
415  8.40045912826671
416  8.40113211156572
417  8.40180294620848
418  8.40247164401617
419  8.40313821710595
420  8.40380267616769
421  8.40446503489526
422  8.40512530476483
423  8.40578349690647
424  8.40643962269769
425  8.40709334962538
426  8.40773546884566
427  8.40838544094896
428  8.40903339031336
429  8.40967932956761
430  8.41032326970921
431  8.41096522152433
432  8.41160519581541
433  8.41224320358408
434  8.41287925518850
435  8.41351336127249
436  8.41414553226830
437  8.41477577857956
438  8.41540411056021
439  8.41603053839340
440  8.41665507236066
441  8.41727772234526
442  8.41789849848241
443  8.41851741064672
444  8.41913446881525
445  8.41974968234384
446  8.42036306152679
447  8.42097461581754
448  8.42158435489743
449  8.42219228807691
450  8.42279842482906
451  8.42340277438096
452  8.42400534607735
453  8.42460614921662
454  8.42520519114145
455  8.42580248367029
456  8.42639803543223
457  8.42699185470294
458  8.42758395043271
459  8.42817433139225
460  8.42876300645287
461  8.42934998386901
462  8.42993513142234
463  8.43051855218406
464  8.43110029863893
465  8.43168037933533
466  8.43225880246835
467  8.43283557642323
468  8.43341070947211
469  8.43398421004795
470  8.43455608582165
471  8.43512634503829
472  8.43569499574006
473  8.43626204590892
474  8.43682750345263
475  8.43739137615388
476  8.43795367180529
477  8.43851450856453
478  8.43907367357680
479  8.43963128458103
480  8.44018734926567
481  8.44074180669141
482  8.44129456006197
483  8.44184578810925
484  8.44239550164138
485  8.44294370765554
486  8.44349041394138
487  8.44403562739528
488  8.44457935525149
489  8.44512160465579
490  8.44566238274809
491  8.44620169949566
492  8.44673955572119
493  8.44727597228007
494  8.44781093444980
495  8.44834445985255
496  8.44887655525827
497  8.44940722743653
498  8.44993648308700
499  8.45046432879918
500  8.45099077107313
501  8.45151581683876
502  8.45203947241161
503  8.45256174433171
504  8.45308263897544
505  8.45360216263592
506  8.45412032185040
507  8.45463712282282
508  8.45515257159810
509  8.45566613685089
510  8.45619174542649
511  8.45670319860477
512  8.45721332608569
513  8.45772213232167
514  8.45822962328965
515  8.45873580502783
516  8.45924068343321
517  8.45974426447547
518  8.46024655395094
519  8.46074755772485
520  8.46124728165567
521  8.46174573136506
522  8.46224291266213
523  8.46273883117887
524  8.46323349262025
525  8.46372690252388
526  8.46421906649099
527  8.46470999012858
528  8.46519967924083
529  8.46568813967660
530  8.46617537649280
531  8.46666139467605
532  8.46714619971333
533  8.46762979698363
534  8.46811219150276
535  8.46859338871826
536  8.46907339386969
537  8.46955221205522
538  8.47002984858771
539  8.47050630852354
540  8.47098159719558
541  8.47145571931888
542  8.47192867991764
543  8.47240048428159
544  8.47287113716831
545  8.47334064384361
546  8.47380900877874
547  8.47427623710171
548  8.47474233387222
549  8.47520730346148
550  8.47567115090549
551  8.47613388187627
552  8.47659550327362
553  8.47705601687821
554  8.47751542726932
555  8.47797373912768
556  8.47843095708639
557  8.47888708578964
558  8.47934212973514
559  8.47979609350254
560  8.48024898161309
561  8.48070079852957
562  8.48115154872941
563  8.48160123661732
564  8.48204986668642
565  8.48249744337137
566  8.48294397087242
567  8.48338945362520
568  8.48383389579174
569  8.48427730185355
570  8.48471967595582
571  8.48516102233450
572  8.48560134523881
573  8.48604064877972
574  8.48647893715035
575  8.48691621448418
576  8.48735248491486
577  8.48778775248013
578  8.48822202132531
579  8.48865364562014
580  8.48908388891173
581  8.48952865617280
582  8.48995545945420
583  8.49038351857397
584  8.49080183511518
585  8.49123385075619
586  8.49166488241636
587  8.49208068839342
588  8.49250472922693
589  8.49292622990920
590  8.49336102261958
591  8.49378064068233
592  8.49419936323962
593  8.49461889147012
594  8.49503771367927
595  8.49545560257213
596  8.49587256196189
597  8.49628859630898
598  8.49670370792933
599  8.49711790057608
600  8.49753117816657
601  8.49794354428816
602  8.49835500235219
603  8.49876555608244
604  8.49917520884238
605  8.49958396415840
606  8.49999182530302
607  8.50039879619681
608  8.50080487983874
609  8.50121007989356
610  8.50161439953933
611  8.50201784206038
612  8.50242041137478
613  8.50282211035521
614  8.50322294266220
615  8.50362291110353
616  8.50402201920462
617  8.50442027022872
618  8.50481766748043
619  8.50521421409225
620  8.50560991328682
621  8.50600476828062
622  8.50639878224953
623  8.50679195703989
624  8.50718429841748
625  8.50757580818944
626  8.50796648975213
627  8.50835634665744
628  8.50874538126794
629  8.50913359658379
630  8.50952099567181
631  8.50990758161286
632  8.51029335733141
633  8.51067832579086
634  8.51106249007424
635  8.51144585276278
636  8.51182841761414
637  8.51221018696000
638  8.51259116383798
639  8.51297135142063
640  8.51335075212549
641  8.51372936886396
642  8.51410720484461
643  8.51448427017716
644  8.51486055270196
645  8.51523606297065
646  8.51561080348806
647  8.51598477704607
648  8.51635798647286
649  8.51673043451751
650  8.51710212405897
651  8.51747305761364
652  8.51784323799774
653  8.51821266786481
654  8.51858135000938
655  8.51894928700705
656  8.51931648153765
657  8.51968293615640
658  8.52004865367474
659  8.52041363651168
660  8.52077788748115
661  8.52114140909275
662  8.52150420386963
663  8.52186627439629
664  8.52222762321942
665  8.52258825288198
666  8.52294816568767
667  8.52330736460619
668  8.52366585197566
669  8.52402363018831
670  8.52438070171314
671  8.52473706907039
672  8.52509273466666
673  8.52544769936646
674  8.52580196817675
675  8.52613894247882
676  8.52649206673123
677  8.52684424363531
678  8.52719572503368
679  8.52754652151485
680  8.52789663545269
681  8.52824606915365
682  8.52859482499221
683  8.52894290524350
684  8.52929031224021
685  8.52963704831689
686  8.52998311568906
687  8.53032851666895
688  8.53067325370529
689  8.53101732868509
690  8.53136074405799
691  8.53170350206003
692  8.53204560484633
693  8.53238705465818
694  8.53272785370512
695  8.53306800414236
696  8.53340750829232
697  8.53374636811884
698  8.53408458588453
699  8.53442216376089
700  8.53475910387203
701  8.53509540838347
702  8.53543107927114
703  8.53576611873051
704  8.53610052876584
705  8.53643431164960
706  8.53676746932729
707  8.53710000398114
708  8.53743191746070
709  8.53776321204206
710  8.53809388966597
711  8.53842380377809
712  8.53875325438480
713  8.53908209340096
714  8.53941032319571
715  8.53973794579874
716  8.54006496380023
717  8.54039137882756
718  8.54071719285782
719  8.54104240784636
720  8.54136699002730
721  8.54169080569795
722  8.54201394071451
723  8.54233640590634
724  8.54265828046154
725  8.54297956635770
726  8.54330026552043
727  8.54362037983157
728  8.54393991120717
729  8.54425886178069
730  8.54457723285885
731  8.54489502653096
732  8.54521224467954
733  8.54552888917825
734  8.54584496178392
735  8.54616046435323
736  8.54647539876656
737  8.54678976669346
738  8.54710357001993
739  8.54741681048868
740  8.54772949013258
741  8.54804161032291
742  8.54835317295379
743  8.54866417980454
744  8.54897463264413
745  8.54928453333375
746  8.54959388340740
747  8.54990268466501
748  8.55021093875230
749  8.55051864748971
750  8.55082581260068
751  8.55113243566437
752  8.55143851842177
753  8.55174406255198
754  8.55204907524897
755  8.55235354581681
756  8.55265748405923
757  8.55296089031746
758  8.55326376628741
759  8.55356611340923
760  8.55386793356473
761  8.55416922824026
762  8.55446999905348
763  8.55477024761989
764  8.55506997559232
765  8.55536918446448
766  8.55566787581116
767  8.55596605147150
768  8.55626371273920
769  8.55656086129306
770  8.55685749866761
771  8.55715362639029
772  8.55744924602891
773  8.55774435919107
774  8.55803896727098
775  8.55833307181912
776  8.55862667432045
777  8.55891977647770
778  8.55921237968699
779  8.55950448551283
780  8.55979609538453
781  8.56008721090133
782  8.56037783337708
783  8.56066796432611
784  8.56095760533686
785  8.56124675768431
786  8.56153543137283
787  8.56182361087125
788  8.56211130612777
789  8.56239851706236
790  8.56268524815409
791  8.56297149929151
792  8.56325727187023
793  8.56354256736170
794  8.56384726236245
795  8.56413103442123
796  8.56441493155469
797  8.56469835700258
798  8.56498131241276
799  8.56526379905050
800  8.56554581828386
801  8.56582737148792
802  8.56610846001534
803  8.56638908522452
804  8.56666924844335
805  8.56694895102253
806  8.56722819430957
807  8.56750697963619
808  8.56778530832793
809  8.56806318170780
810  8.56834060109139
811  8.56861756780560
812  8.56889408321520
813  8.56917014849032
814  8.56944576491984
815  8.56972093384551
816  8.56999565655715
817  8.57026993433329
818  8.57054376830998
819  8.57081715982534
820  8.57109011060965
821  8.57136262160158
822  8.57163469374640
823  8.57190632846940
824  8.57217752707673
825  8.57244829076700
826  8.57271862078653
827  8.57298851827815
828  8.57325798466029
829  8.57352702104813
830  8.57379562865264
831  8.57406380871780
832  8.57433156237493
833  8.57459889085921
834  8.57486579514119
835  8.57513227743561
836  8.57539833754433
837  8.57566397698096
838  8.57592919733647
839  8.57619399975268
840  8.57645838542388
841  8.57672235446866
842  8.57698592106850
843  8.57724906693332
844  8.57751179624356
845  8.57777411441847
846  8.57803602257223
847  8.57829752181409
848  8.57855861304194
849  8.57881929788608
850  8.57907957724461
851  8.57933945217877
852  8.57959892392335
853  8.57985799326680
854  8.58011666170960
855  8.58037492998776
856  8.58063279951235
857  8.58089027121535
858  8.58114734622664
859  8.58140402556730
860  8.58166031042010
861  8.58191620175710
862  8.58217170064246
863  8.58242680816184
864  8.58268152538251
865  8.58293585348872
866  8.58318979379891
867  8.58344334955330
868  8.58369651692246
869  8.58394929924526
870  8.58420169753489
871  8.58445371317156
872  8.58470534653144
873  8.58495659895812
874  8.58520747116756
875  8.58545796480198
876  8.58570808055899
877  8.58595781948831
878  8.58620718272033
879  8.58645617088155
880  8.58670478519892
881  8.58695302652905
882  8.58720089610840
883  8.58744839475487
884  8.58769552348822
885  8.58794228328567
886  8.58818867500900
887  8.58843469984248
888  8.58868035865620
889  8.58892565241254
890  8.58917058207214
891  8.58941514862893
892  8.58965935298436
893  8.58990319614019
894  8.59014667894567
895  8.59038980230127
896  8.59063256734985
897  8.59087497492533
898  8.59111702596009
899  8.59135872145592
900  8.59160006219195
901  8.59184104916389
902  8.59208168328846
903  8.59232196551915
904  8.59256189678509
905  8.59280147791339
906  8.59304070979448
907  8.59327959216116
908  8.59351812789131
909  8.59375631754995
910  8.59399416158952
911  8.59423166089846
912  8.59446881636206
913  8.59470562889988
914  8.59494209931606
915  8.59517822872654
916  8.59541401761911
917  8.59564946704496
918  8.59588457784738
919  8.59611935091177
920  8.59635378709831
921  8.59658788726360
922  8.59682165225859
923  8.59705508293881
924  8.59728818018656
925  8.59752094477163
926  8.59775337756109
927  8.59798547936849
928  8.59821725106352
929  8.59844869357582
930  8.59867980754871
931  8.59888794234029
932  8.59911837840770
933  8.59934848731929
934  8.59957827110970
935  8.59980773051815
936  8.60003686639206
937  8.60026567954043
938  8.60049417076949
939  8.60072234088278
940  8.60095019067991
941  8.60117772098103
942  8.60140493255816
943  8.60163182618066
944  8.60185840266013
945  8.60208466278238
946  8.60231060732461
947  8.60253623708128
948  8.60276155282344
949  8.60298655532595
950  8.60321124528532
951  8.60343562360870
952  8.60365969107268
953  8.60388344829840
954  8.60410689614201
955  8.60433003534017
956  8.60455286661577
957  8.60477539078266
958  8.60499760853052
959  8.60521952076471
960  8.60544112788974
961  8.60566243097382
962  8.60588343065517
963  8.60610412913416
964  8.60632452475407
965  8.60654461864787
966  8.60676441206304
967  8.60698390575827
968  8.60720310044129
969  8.60742199685043
970  8.60764059565327
971  8.60785889750197
972  8.60807690332054
973  8.60829461371801
974  8.60851144918008
975  8.60872778452948
976  8.60894382585208
977  8.60915957401206
978  8.60937502965268
979  8.60959019342635
980  8.60980506650269
981  8.61001964921489
982  8.61023394268337
983  8.61044794679815
984  8.61066166265000
985  8.61087509093651
986  8.61111221387389
987  8.61132509238319
988  8.61153768665334
989  8.61174999608360
990  8.61196202134930
991  8.61217376312374
992  8.61238522211594
993  8.61259639894129
994  8.61280729428168
995  8.61301916549323
996  8.61323208756900
997  8.61344472706202
998  8.61363271926953
999  8.61384477229750
1000  8.61405654372416
1001  8.61426803528121
1002  8.61447924781047
1003  8.61469018183785
1004  8.61490083798550
1005  8.61511121695456
1006  8.61532131942355
1007  8.61553114601760
1008  8.61574069735237
1009  8.61594997404575
1010  8.61615897675825
1011  8.61636915665076
1012  8.61655145195284
1013  8.61675961306855
1014  8.61696747764690
1015  8.61717293301622
1016  8.61737786402161
1017  8.61758252843729
1018  8.61778692667329
1019  8.61799086498302
1020  8.61819473272651
1021  8.61839833617916
1022  8.61860167595366
1023  8.61880475271710
1024  8.61900756696352
1025  8.61923506253759
1026  8.61943737699543
1027  8.61963943208193
1028  8.61984122706684
1029  8.62004276258309
1030  8.62024403934210
1031  8.62044505769341
1032  8.62064581834505
1033  8.62084632188319
1034  8.62104655632286
1035  8.62124641528844
1036  8.62144600452671
1037  8.62164533830410
1038  8.62184441709769
1039  8.62204324147987
1040  8.62224239615049
1041  8.62244141508593
1042  8.62264018154386
1043  8.62283869630454
1044  8.62303695997756
1045  8.62323497287398
1046  8.62343273559404
1047  8.62363024874955
1048  8.62382751291967
1049  8.62402452871249
1050  8.62422129641549
1051  8.62441781682063
1052  8.62461409049042
1053  8.62481011786213
1054  8.62500589951822
1055  8.62520143561735
1056  8.62539672746488
1057  8.62559177520880
1058  8.62578657940149
1059  8.62598114057518
1060  8.62617546040255
1061  8.62636953865264
1062  8.62656337551381
1063  8.62675697148496
1064  8.62695032710765
1065  8.62714344292508
1066  8.62733631940759
1067  8.62752895724172
1068  8.62772135669876
1069  8.62791351842290
1070  8.62810544293233
1071  8.62829713074336
1072  8.62848858237110
1073  8.62867979832819
1074  8.62887077912638
1075  8.62906152527540
1076  8.62925203728402
1077  8.62944231568037
1078  8.62963236098551
1079  8.62982217360293
1080  8.63001175364782
1081  8.63020110251803
1082  8.63039022026445
1083  8.63057910738459
1084  8.63076776437418
1085  8.63095619172784
1086  8.63114438993823
1087  8.63133235949670
1088  8.63152010089292
1089  8.63170761461470
1090  8.63189490115065
1091  8.63208196089753
1092  8.63226879425443
1093  8.63245540215955
1094  8.63264178478834
1095  8.63282794264270
1096  8.63301387619993
1097  8.63319958615541
1098  8.63338507253778
1099  8.63357033604977
1100  8.63375537716283
1101  8.63394019634762
1102  8.63412479407398
1103  8.63430917080960
1104  8.63449332705874
1105  8.63467726328677
1106  8.63486097964989
1107  8.63504447662179
1108  8.63522775687868
1109  8.63541081711054
1110  8.63559365966224
1111  8.63577628506473
1112  8.63595869361767
1113  8.63614088584823
1114  8.63632279605206
1115  8.63650448254665
1116  8.63668595403426
1117  8.63686721096355
1118  8.63704825244411
1119  8.63722908109828
1120  8.63740969700616
1121  8.63759009966422
1122  8.63777028990419
1123  8.63795026818463
1124  8.63813003492297
1125  8.63830959090244
1126  8.63848893591706
1127  8.63866807072534
1128  8.63884699576177
1129  8.63902571146024
1130  8.63920421825272
1131  8.63938251660925
1132  8.63956060677249
1133  8.63973848942874
1134  8.63991616489677
1135  8.64009363360214
1136  8.64027089596922
1137  8.64044795244398
1138  8.64062480342647
1139  8.64080144931418
1140  8.64097789098983
1141  8.64115412817204
1142  8.64133016151463
1143  8.64150599140331
1144  8.64168161830773
1145  8.64185704265889
1146  8.64203226491941
1147  8.64220728529516
1148  8.64238210423842
1149  8.64255672234420
1150  8.64273113997181
1151  8.64290535744678
1152  8.64307937523726
1153  8.64325319372362
1154  8.64342681331147
1155  8.64360023437843
1156  8.64377345742398
1157  8.64394648305899
1158  8.64411931122036
1159  8.64429194248473
1160  8.64446437714290
1161  8.64463661569117
1162  8.64480865855948
1163  8.64498050603333
1164  8.64515215857183
1165  8.64532361680662
1166  8.64549488061989
1167  8.64566595068331
1168  8.64583682737351
1169  8.64600751108335
1170  8.64617800235550
1171  8.64634830130861
1172  8.64651840818273
1173  8.64668832362392
1174  8.64685804828102
1175  8.64702758200220
1176  8.64719692542178
1177  8.64736607901478
1178  8.64753504270547
1179  8.64770381744252
1180  8.64787240357644
1181  8.64804080101152
1182  8.64820901037779
1183  8.64837703205238
1184  8.64854486640025
1185  8.64871251375885
1186  8.64887997456818
1187  8.64904724910467
1188  8.64921433777821
1189  8.64938124091741
1190  8.64954795898196
1191  8.64971449219328
1192  8.64988084117220
1193  8.65004700595773
1194  8.65021298706537
1195  8.65037878483557
1196  8.65054439878441
1197  8.65070983098380
1198  8.65087508087414
1199  8.65104014888834
1200  8.65120503534079
1201  8.65136974060559
1202  8.65153426504189
1203  8.65169860894621
1204  8.65186277268693
1205  8.65202675662588
1206  8.65219056112984
1207  8.65235418652704
1208  8.65251763312297
1209  8.65268090135141
1210  8.65284399147665
1211  8.65300690388311
1212  8.65316963892405
1213  8.65333219690495
1214  8.65349457817511
1215  8.65365678311383
1216  8.65381881201657
1217  8.65398066521255
1218  8.65414234313883
1219  8.65430384594053
1220  8.65446517408859
1221  8.65462632788980
1222  8.65478730752608
1223  8.65494811401531
1224  8.65510874679643
1225  8.65526920655830
1226  8.65542949361080
1227  8.65558960685324
1228  8.65574954905976
1229  8.65590932000664
1230  8.65606891956901
1231  8.65622834810765
1232  8.65638760584377
1233  8.65654669307349
1234  8.65670561047363
1235  8.65686435796065
1236  8.65702293598195
1237  8.65718134491035
1238  8.65733958498274
1239  8.65749765656527
1240  8.65765555998528
1241  8.65781329547804
1242  8.65797086347278
1243  8.65812826426165
1244  8.65828549810766
1245  8.65844256537477
1246  8.65859946642768
1247  8.65875620161599
1248  8.65891277091445
1249  8.65906917490886
1250  8.65922541380261
1251  8.65938148793976
1252  8.65953739753884
1253  8.65969314317291
1254  8.65984872490316
1255  8.66000414313462
1256  8.66015939814671
1257  8.66031449024265
1258  8.66046941971277
1259  8.66062418685321
1260  8.66077879197887
1261  8.66093323538821
1262  8.66108751742975
1263  8.66124163827390
1264  8.66139559799951
1265  8.66154939750089
1266  8.66170303677479
1267  8.66185651611425
1268  8.66200983583975
1269  8.66216299621971
1270  8.66231599752669
1271  8.66246884008528
1272  8.66262152416355
1273  8.66277405006254
1274  8.66292641807158
1275  8.66307862847809
1276  8.66323068157078
1277  8.66338257766306
1278  8.66353431697921
1279  8.66368589984276
1280  8.66383732653889
1281  8.66398859748327
1282  8.66413971269520
1283  8.66429067259227
1284  8.66444147745474
1285  8.66459212758508
1286  8.66474262322170
1287  8.66489296468886
1288  8.66504315221953
1289  8.66519318611699
1290  8.66534306666623
1291  8.66549279412426
1292  8.66564236877603
1293  8.66579179094118
1294  8.66594106081252
1295  8.66609017870395
1296  8.66623914496604
1297  8.66638795971707
1298  8.66653662330561
1299  8.66668513600388
1300  8.66683349602910
1301  8.66698169933702
1302  8.66712975269667
1303  8.66727765634661
1304  8.66742541061437
1305  8.66757301574872
1306  8.66772047204355
1307  8.66786777973095
1308  8.66801493909980
1309  8.66816195045197
1310  8.66827682499505
1311  8.66842351727935
1312  8.66857006130636
1313  8.66871645819374
1314  8.66886270808444
1315  8.66900881186970
1316  8.66915494306095
1317  8.66930081735002
1318  8.66944648336757
1319  8.66959200417317
1320  8.66973737954592
1321  8.66988261000204
1322  8.67002769576527
1323  8.67017263707731
1324  8.67031744210989
1325  8.67046209537051
1326  8.67060660490961
1327  8.67075097104720
1328  8.67089519402112
1329  8.67107173239388
1330  8.67121569324822
1331  8.67135951291854
1332  8.67150318468714
1333  8.67164672026597
1334  8.67179011417777
1335  8.67193336667165
1336  8.67207647799454
1337  8.67221944839288
1338  8.67236227824731
1339  8.67250496755424
1340  8.67264751666507
1341  8.67278992585924
1342  8.67293219530331
1343  8.67307432528599
1344  8.67321631593383
1345  8.67335816771958
1346  8.67349988111340
1347  8.67364145566518
1348  8.67378289195870
1349  8.67392419023353
1350  8.67406535072818
1351  8.67420637366552
1352  8.67434725931114
1353  8.67448800788724
1354  8.67462861962586
1355  8.67476909476170
1356  8.67490950112899
1357  8.67504963619775
1358  8.67518970298718
1359  8.67532963409447
1360  8.67546942974853
1361  8.67560909020430
1362  8.67574861569317
1363  8.67588800644632
1364  8.67602726269351
1365  8.67616638466411
1366  8.67630537258635
1367  8.67644422655459
1368  8.67658294714633
1369  8.67672153429421
1370  8.67685998830551
1371  8.67699830940706
1372  8.67713649782477
1373  8.67727455378318
1374  8.67741247758744
1375  8.67755026920310
1376  8.67768792914296
1377  8.67782545750307
1378  8.67796285454900
1379  8.67810012045292
1380  8.67823725545946
1381  8.67837425978907
1382  8.67851113366228
1383  8.67864787729903
1384  8.67878449091899
1385  8.67892097473752
1386  8.67905732897042
1387  8.67919355384103
1388  8.67932965121462
1389  8.67946561801184
1390  8.67960145609629
1391  8.67973716568386
1392  8.67987274702976
1393  8.68000820026777
1394  8.68014352565285
1395  8.68027872341108
1396  8.68041379372651
1397  8.68054873683165
1398  8.68068337184975
1399  8.68081799509635
1400  8.68095255768596
1401  8.68108699390482
1402  8.68122130396488
1403  8.68135548807583
1404  8.68148954644704
1405  8.68162347928633
1406  8.68175728680234
1407  8.68189096920246
1408  8.68202452669370
1409  8.68215795949929
1410  8.68229126790539
1411  8.68242445189559
1412  8.68255751175162
1413  8.68269044777298
1414  8.68282326015950
1415  8.68295594913021
1416  8.68308851453603
1417  8.68322095090147
1418  8.68335326246242
1419  8.68348545123527
1420  8.68361751718650
1421  8.68374946090198
1422  8.68388128270016
1423  8.68401298239698
1424  8.68414456024229
1425  8.68427601650178
1426  8.68440735137384
1427  8.68453856509762
1428  8.68466965778951
1429  8.68480062968768
1430  8.68493148098924
1431  8.68506221188019
1432  8.68519282257260
1433  8.68532331324714
1434  8.68545368413091
1435  8.68558393537281
1436  8.68571406719944
1437  8.68584407978605
1438  8.68597397343626
1439  8.68610374817684
1440  8.68623340422866
1441  8.68636294181983
1442  8.68649236114150
1443  8.68662166238482
1444  8.68675084580179
1445  8.68687991152377
1446  8.68700885967497
1447  8.68713769049360
1448  8.68726640419678
1449  8.68739500084039
1450  8.68752348120691
1451  8.68765184475001
1452  8.68778009181459
1453  8.68790822267736
1454  8.68803623756353
1455  8.68816413661002
1456  8.68829192004508
1457  8.68841958800708
1458  8.68854714071144
1459  8.68867457834796
1460  8.68880190106642
1461  8.68892910907162
1462  8.68905620256185
1463  8.68918318172532
1464  8.68931004668364
1465  8.68943679765662
1466  8.68956343482532
1467  8.68968995837084
1468  8.68981636835314
1469  8.68994266518257
1470  8.69006884887643
1471  8.69019491974647
1472  8.69032087787275
1473  8.69044672345211
1474  8.69057245668469
1475  8.69069807770243
1476  8.69082358671553
1477  8.69094898388111
1478  8.69107426928239
1479  8.69119944326412
1480  8.69132450597282
1481  8.69144945758837
1482  8.69157429808930
1483  8.69169902791772
1484  8.69182364712895
1485  8.69194815589199
1486  8.69207255440602
1487  8.69219684282778
1488  8.69232102132976
1489  8.69244509008171
1490  8.69256904923872
1491  8.69269289900428
1492  8.69281663971369
1493  8.69294027124624
1494  8.69306379382076
1495  8.69318720760481
1496  8.69331051286860
1497  8.69343370980320
1498  8.69355679849774
1499  8.69367969080008
1500  8.69380245848935
1501  8.69392511831263
1502  8.69404767042924
1503  8.69417011498755
1504  8.69429245219025
1505  8.69441468219036
1506  8.69453680515423
1507  8.69465882124700
1508  8.69478073063379
1509  8.69490253362399
1510  8.69502423009347
1511  8.69514582035077
1512  8.69526730455974
1513  8.69538868288355
1514  8.69550995547223
1515  8.69563112251538
1516  8.69575218417415
1517  8.69587314058875
1518  8.69599399198339
1519  8.69611473842377
1520  8.69623538010145
1521  8.69635591718919
1522  8.69647634984640
1523  8.69659667823247
1524  8.69671690195371
1525  8.69683702227585
1526  8.69695703888935
1527  8.69707695177398
1528  8.69719676118826
1529  8.69731646727385
1530  8.69743607021162
1531  8.69755557022837
1532  8.69767496731406
1533  8.69779426170849
1534  8.69791345356844
1535  8.69803254304938
1536  8.69815153030597
1537  8.69827041555877
1538  8.69838919883265
1539  8.69850788037002
1540  8.69862646027814
1541  8.69874493872143
1542  8.69886331585495
1543  8.69898159186354
1544  8.69909976688324
1545  8.69921784106242
1546  8.69933581455363
1547  8.69945368750825
1548  8.69957146007750
1549  8.69968913241247
1550  8.69980670466468
1551  8.69992417698432
1552  8.70004154952078
1553  8.70015882242425
1554  8.70027599581815
1555  8.70039307258671
1556  8.70051004733074
1557  8.70062692322704
1558  8.70074370021620
1559  8.70086037835202
1560  8.70097695800794
1561  8.70109343919415
1562  8.70120982208028
1563  8.70132610681405
1564  8.70144229354214
1565  8.70155838241031
1566  8.70167437355434
1567  8.70179026712248
1568  8.70190606328354
1569  8.70202176215917
1570  8.70213736390013
1571  8.70225286853551
1572  8.70236827643925
1573  8.70248358763952
1574  8.70259880228009
1575  8.70271392050401
1576  8.70282894249564
1577  8.70294386869326
1578  8.70305869852119
1579  8.70317343248748
1580  8.70328807077076
1581  8.70340261347808
1582  8.70351706078426
1583  8.70363141278251
1584  8.70374566963703
1585  8.70385983148717
1586  8.70397389847284
1587  8.70408787073361
1588  8.70420174840879
1589  8.70431553163667
1590  8.70442922081422
1591  8.70454281554945
1592  8.70465631625256
1593  8.70476972307366
1594  8.70488303613737
1595  8.70499625558034
1596  8.70510938158141
1597  8.70522241419327
1598  8.70533535359390
1599  8.70544819991937
1600  8.70556095330480
1601  8.70567361388647
1602  8.70578618181258
1603  8.70589865718675
1604  8.70601104018828
1605  8.70612333088713
1606  8.70623552937553
1607  8.70634763592422
1608  8.70645965064163
1609  8.70657157362749
1610  8.70668340501426
1611  8.70679514493477
1612  8.70690679360673
1613  8.70701835099124
1614  8.70712981729209
1615  8.70724119266548
1616  8.70735247726439
1617  8.70746367121745
1618  8.70757477455248
1619  8.70768578747245
1620  8.70779671010777
1621  8.70790754258788
1622  8.70801828504282
1623  8.70812893774654
1624  8.70823950053772
1625  8.70834997371442
1626  8.70846035734501
1627  8.70857065162998
1628  8.70868085663276
1629  8.70879097249516
1630  8.70890099937203
1631  8.70901093737784
1632  8.70912078663987
1633  8.70923054728425
1634  8.70934021943808
1635  8.70944980322627
1636  8.70955929877641
1637  8.70966870632570
1638  8.70977802576179
1639  8.70988725721970
1640  8.70999640106850
1641  8.71010545729516
1642  8.71021442603900
1643  8.71032330742184
1644  8.71043210156377
1645  8.71054080858828
1646  8.71064942861912
1647  8.71075796180252
1648  8.71086640743682
1649  8.71097476721361
1650  8.71108304051768
1651  8.71119122742092
1652  8.71129932805926
1653  8.71140734255713
1654  8.71151527104562
1655  8.71162311364263
1656  8.71173087046601
1657  8.71183854167954
1658  8.71194612731779
1659  8.71205362754420
1660  8.71216104247142
1661  8.71226837209668
1662  8.71237561709207
1663  8.71248277678828
1664  8.71258985169711
1665  8.71269684192735
1666  8.71280374761327
1667  8.71291056886980
1668  8.71301730581155
1669  8.71312395855622
1670  8.71323052684571
1671  8.71333701153072
1672  8.71344341223093
1673  8.71354972903682
1674  8.71365596234197
1675  8.71376211237844
1676  8.71386817891804
1677  8.71397416199498
1678  8.71408006191109
1679  8.71418587881224
1680  8.71429161272807
1681  8.71439726381630
1682  8.71450283219165
1683  8.71460831933352
1684  8.71471372310772
1685  8.71481904403197
1686  8.71492428270007
1687  8.71502943923025
1688  8.71513451373535
1689  8.71523950632965
1690  8.71534441714224
1691  8.71544924626464
1692  8.71555399380960
1693  8.71565865988979
1694  8.71576324464048
1695  8.71586774811727
1696  8.71597217049458
1697  8.71607651183386
1698  8.71618077226652
1699  8.71628495194641
1700  8.71638905089889
1701  8.71649306926405
1702  8.71659700717331
1703  8.71670086472471
1704  8.71680464212086
1705  8.71690833929554
1706  8.71701195644598
1707  8.71711549366924
1708  8.71721895109956
1709  8.71732232891983
1710  8.71742562706548
1711  8.71752884588372
1712  8.71763198517827
1713  8.71773504519673
1714  8.71783802607256
1715  8.71794092789942
1716  8.71804375078629
1717  8.71814649483978
1718  8.71824916017777
1719  8.71835174715639
1720  8.71845425537497
1721  8.71855668516248
1722  8.71865903669297
1723  8.71876130998569
1724  8.71886350517724
1725  8.71896562239870
1726  8.71906766174205
1727  8.71916962331252
1728  8.71927150721512
1729  8.71937331355496
1730  8.71947504242365
1731  8.71957669395062
1732  8.71967826822738
1733  8.71977976535797
1734  8.71988118544571
1735  8.71998252859490
1736  8.72008379489581
1737  8.72018498447645
1738  8.72028609742743
1739  8.72038713385158
1740  8.72048809385165
1741  8.72058897751686
1742  8.72068978499837
1743  8.72079051638181
1744  8.72089117172367
1745  8.72099175113995
1746  8.72109225473627
1747  8.72119268262058
1748  8.72129274187334
1749  8.72139301851533
1750  8.72149321974096
1751  8.72159334565732
1752  8.72169339636548
1753  8.72179337195187
1754  8.72189327254168
1755  8.72199309822190
1756  8.72209284909228
1757  8.72219252525186
1758  8.72229212680006
1759  8.72239165382278
1760  8.72249110634953
1761  8.72259048462131
1762  8.72268978871078
1763  8.72278901868138
1764  8.72288817461788
1765  8.72298725664378
1766  8.72308626490542
1767  8.72318520124030
1768  8.72328406275022
1769  8.72338285008287
1770  8.72348156380572
1771  8.72358020433150
1772  8.72367877203382
1773  8.72377726618109
1774  8.72387568727718
1775  8.72397403540515
1776  8.72407231596683
1777  8.72417051848498
1778  8.72426864833516
1779  8.72436670561222
1780  8.72446469041105
1781  8.72456260282583
1782  8.72466044295202
1783  8.72475821087169
1784  8.72485590670394
1785  8.72495353053094
1786  8.72505108244463
1787  8.72514856255595
1788  8.72524597093479
1789  8.72534330767186
1790  8.72544057287200
1791  8.72553776690836
1792  8.72563488931868
1793  8.72573194046422
1794  8.72582892045580
1795  8.72592582936206
1796  8.72602266728764
1797  8.72611943432418
1798  8.72621613041729
1799  8.72631275595146
1800  8.72640931087179
1801  8.72650579526972
1802  8.72660220932599
1803  8.72669855295246
1804  8.72679482633013
1805  8.72689102954949
1806  8.72698716267180
1807  8.72708322593491
1808  8.72717921922184
1809  8.72727514269954
1810  8.72737099648299
1811  8.72746678069281
1812  8.72756249533116
1813  8.72765814053108
1814  8.72775371638235
1815  8.72784922297339
1816  8.72794466039383
1817  8.72803983035353
1818  8.72813485300346
1819  8.72822980662143
1820  8.72832469131484
1821  8.72841950711241
1822  8.72851425415047
1823  8.72860893250477
1824  8.72870354226397
1825  8.72879808351514
1826  8.72889255634560
1827  8.72898696084387
1828  8.72908129709690
1829  8.72917556517838
1830  8.72926976520005
1831  8.72936389722828
1832  8.72945796134694
1833  8.72955195771009
1834  8.72964588630433
1835  8.72973974725962
1836  8.72983354066179
1837  8.72992726659765
1838  8.73002092515140
1839  8.73011451640982
1840  8.73020804061174
1841  8.73030149752237
1842  8.73039488742280
1843  8.73048821035690
1844  8.73058146640139
1845  8.73067465569727
1846  8.73076777826741
1847  8.73086083422091
1848  8.73095382364162
1849  8.73104674661286
1850  8.73113960321903
1851  8.73123239354475
1852  8.73132511765970
1853  8.73141777567313
1854  8.73151036765578
1855  8.73160289367843
1856  8.73169535384773
1857  8.73178774823512
1858  8.73188007696789
1859  8.73197234004205
1860  8.73206453758098
1861  8.73215666966791
1862  8.73224873638496
1863  8.73234073781307
1864  8.73243267402240
1865  8.73252454475414
1866  8.73261635079748
1867  8.73270809188455
1868  8.73279976097531
1869  8.73289137240606
1870  8.73298291792363
1871  8.73307439846505
1872  8.73316581446579
1873  8.73325716595266
1874  8.73334845303737
1875  8.73343967580025
1876  8.73353083430859
1877  8.73362192866738
1878  8.73371295893177
1879  8.73380392520602
1880  8.73389482755673
1881  8.73398566610826
1882  8.73407644085057
1883  8.73416715190752
1884  8.73425779935832
1885  8.73439453510780
1886  8.73448507902376
1887  8.73457556078890
1888  8.73466597927385
1889  8.73475633453218
1890  8.73484662666672
1891  8.73493685563026
1892  8.73502702168575
1893  8.73511712487957
1894  8.73520716524853
1895  8.73529714289423
1896  8.73538705784546
1897  8.73547691020396
1898  8.73556670007053
1899  8.73565642746174
1900  8.73574609250227
1901  8.73583569565465
1902  8.73592523620003
1903  8.73601471461192
1904  8.73610413081001
1905  8.73619348518431
1906  8.73628277778873
1907  8.73637200842821
1908  8.73646117731385
1909  8.73655028452131
1910  8.73663933012648
1911  8.73672831428205
1912  8.73681723689808
1913  8.73690609814205
1914  8.73699489808732
1915  8.73708363680498
1916  8.73717231436940
1917  8.73726092856929
1918  8.73734948404912
1919  8.73743797859945
1920  8.73752641229308
1921  8.73761478520243
1922  8.73770309769465
1923  8.73779134925866
1924  8.73787954024960
1925  8.73796767078903
1926  8.73805574089003
1927  8.73814375065029
1928  8.73823170014219
1929  8.73831958948333
1930  8.73840741865835
1931  8.73849518778353
1932  8.73858289679682
1933  8.73867054604108
1934  8.73875895692101
1935  8.73884742055362
1936  8.73893582398319
1937  8.73902416730995
1938  8.73911245059212
1939  8.73920067389710
1940  8.73928883730329
1941  8.73937694088323
1942  8.73946498470926
1943  8.73955296884494
1944  8.73964089337666
1945  8.73972875836899
1946  8.73981656388111
1947  8.73990430999594
1948  8.73994383593645
1949  8.74003176863627
1950  8.74011931223591
1951  8.74020679670087
1952  8.74029422213173
1953  8.74038158861451
1954  8.74046889617150
1955  8.74055614494153
1956  8.74064333490555
1957  8.74073046617809
1958  8.74081753881709
1959  8.74090455289953
1960  8.74099150851821
1961  8.74107840572411
1962  8.74116524458675
1963  8.74125202517525
1964  8.74133874756007
1965  8.74142541180940
1966  8.74151201799329
1967  8.74159856617988
1968  8.74168505643719
1969  8.74177148882606
1970  8.74185786342054
1971  8.74194418030046
1972  8.74203043952882
1973  8.74211664117081
1974  8.74220278529491
1975  8.74228887196851
1976  8.74237490125891
1977  8.74246087312009
1978  8.74254678784802
1979  8.74263264544144
1980  8.74271844589543
1981  8.74280418927978
1982  8.74288987567929
1983  8.74297550517982
1984  8.74306107783651
1985  8.74314659371536
1986  8.74323205275090
1987  8.74331745527446
1988  8.74340280122029
1989  8.74348809065487
1990  8.74357332364428
1991  8.74365850025539
1992  8.74374362055301
1993  8.74382868459226
1994  8.74391369245025
1995  8.74399864420426
1996  8.74408353998574
1997  8.74416837970556
1998  8.74425316350689
1999  8.74433789145478
2000  8.74442256361397
2001  8.74450718004954
2002  8.74459174082621
2003  8.74467624601019
2004  8.74476069566447
2005  8.74484508986702
2006  8.74492942869028
2007  8.74501371214531
2008  8.74509794032834
2009  8.74518211332980
2010  8.74526622040090
2011  8.74535021101480
2012  8.74543414350921
2013  8.74551802138030
2014  8.74560184384022
2015  8.74568561137877
2016  8.74576932405802
2017  8.74585298201130
2018  8.74593658516336
2019  8.74602013364529
2020  8.74610362752192
2021  8.74618706694738
2022  8.74627045180060
2023  8.74635378183600
2024  8.74643705791518
2025  8.74652027954116
2026  8.74660344692526
2027  8.74668656016965
2028  8.74671981876439
2029  8.74680279972699
2030  8.74688572608817
2031  8.74696859846830
2032  8.74705141697416
2033  8.74713418166799
2034  8.74721689263641
2035  8.74729954989081
2036  8.74738215351747
2037  8.74746470359627
2038  8.74754720015844
2039  8.74762964327025
2040  8.74771203299952
2041  8.74779436938223
2042  8.74787665252716
2043  8.74795888247144
2044  8.74804081359527
2045  8.74812210529724
2046  8.74820334443706
2047  8.74828453106030
2048  8.74836566522966
2049  8.74844674700568
2050  8.74852777644777
2051  8.74860875361590
2052  8.74868967856848
2053  8.74877055134134
2054  8.74885137204324
2055  8.74893214071013
2056  8.74901285739879
2057  8.74909352216753
2058  8.74917413512099
2059  8.74925469622619
2060  8.74933520558818
2061  8.74941566326577
2062  8.74949606931571
2063  8.74957642382177
2064  8.74965672679346
2065  8.74973697828959
2066  8.74981717841486
2067  8.74989732722937
2068  8.74997742474027
2069  8.75005747103153
2070  8.75013746615929
2071  8.75021741018212
2072  8.75029730315710
2073  8.75037714514197
2074  8.75045693609137
2075  8.75053667626708
2076  8.75061636562310
2077  8.75069600419392
2078  8.75077559208393
2079  8.75085512932510
2080  8.75093461597550
2081  8.75101405209093
2082  8.75109343802454
2083  8.75117277328580
2084  8.75125205813573
2085  8.75133129267036
2086  8.75141047695030
2087  8.75148961103447
2088  8.75156869497748
2089  8.75164772881181
2090  8.75172671264103
2091  8.75180564649801
2092  8.75188453045563
2093  8.75196336453973
2094  8.75204214881069
2095  8.75212088333058
2096  8.75219956769068
2097  8.75227820303717
2098  8.75235678863489
2099  8.75243532470270
2100  8.75251381129453
2101  8.75259224844574
2102  8.75267063624824
2103  8.75274897474297
2104  8.75282726398136
2105  8.75290550401769
2106  8.75298369490599
2107  8.75311345396261
2108  8.75319157193156
2109  8.75326964036484
2110  8.75334765986749
2111  8.75342563049346
2112  8.75350355234204
2113  8.75358142536486
2114  8.75365924967212
2115  8.75373702533020
2116  8.75381475237951
2117  8.75389243087438
2118  8.75397006039595
2119  8.75404764176936
2120  8.75412517491929
2121  8.75420265972808
2122  8.75428009626745
2123  8.75435748455987
2124  8.75443482452221
2125  8.75451211648346
2126  8.75458936026340
2127  8.75466655613555
2128  8.75474370403679
2129  8.75482080400097
2130  8.75489785611557
2131  8.75497486041615
2132  8.75505181695424
2133  8.75512872578255
2134  8.75520558695343
2135  8.75528240061280
2136  8.75535916662327
2137  8.75543588516565
2138  8.75551255621218
2139  8.75558917996541
2140  8.75566575627781
2141  8.75574228529476
2142  8.75581876706743
2143  8.75589520164754
2144  8.75597158908672
2145  8.75604792943581
2146  8.75612422274534
2147  8.75620046906600
2148  8.75627666845024
2149  8.75635282094786
2150  8.75642892658943
2151  8.75650498546316
2152  8.75658099822981
2153  8.75665696383638
2154  8.75673288266273
2155  8.75680875490629
2156  8.75688458061756
2157  8.75696035987204
2158  8.75703609266874
2159  8.75711177908425
2160  8.75718741916716
2161  8.75726301296920
2162  8.75733856052715
2163  8.75741406190227
2164  8.75748951715716
2165  8.75756492632880
2166  8.75764028908164
2167  8.75771560628247
2168  8.75779087750232
2169  8.75786610283687
2170  8.75794128233582
2171  8.75801641604844
2172  8.75809150402342
2173  8.75816654630986
2174  8.75824154294446
2175  8.75831649398856
2176  8.75839139935835
2177  8.75846625937877
2178  8.75854117187113
2179  8.75861620184230
2180  8.75869118657095
2181  8.75876612606333
2182  8.75884102036909
2183  8.75891586953512
2184  8.75899067363416
2185  8.75906543266432
2186  8.75914014669909
2187  8.75921481577604
2188  8.75928943997676
2189  8.75936402534982
2190  8.75943855988280
2191  8.75951304965882
2192  8.75958749472556
2193  8.75966189423491
2194  8.75973624514504
2195  8.75981055142650
2196  8.75988481322461
2197  8.75995903058521
2198  8.76003320355700
2199  8.76010733217362
2200  8.76018141649463
2201  8.76025545657634
2202  8.76032945245284
2203  8.76040340417300
2204  8.76047731178441
2205  8.76055117533286
2206  8.76062499484158
2207  8.76069877022585
2208  8.76077250138428
2209  8.76084618876392
2210  8.76091983224517
2211  8.76099343194740
2212  8.76106698793195
2213  8.76114050023098
2214  8.76121396890970
2215  8.76128739402810
2216  8.76136077558103
2217  8.76143412159438
2218  8.76150741620692
2219  8.76158066744136
2220  8.76165387528722
2221  8.76172703981885
2222  8.76180016108347
2223  8.76187323917317
2224  8.76194627402748
2225  8.76201926575108
2226  8.76209221439571
2227  8.76216511999577
2228  8.76223798260028
2229  8.76231080225249
2230  8.76238357899862
2231  8.76245631288266
2232  8.76252900394940
2233  8.76260165224325
2234  8.76267425798220
2235  8.76274717438732
2236  8.76281969474609
2237  8.76289217250390
2238  8.76296460771020
2239  8.76303700042235
2240  8.76310935067133
2241  8.76318165850246
2242  8.76325392395933
2243  8.76332614708552
2244  8.76339832792463
2245  8.76347046652199
2246  8.76354256291974
2247  8.76361461718760
2248  8.76368662931801
2249  8.76375859936831
2250  8.76383052743992
2251  8.76390241352173
2252  8.76397425763930
2253  8.76404605986294
2254  8.76411782023384
2255  8.76418953879648
2256  8.76426121559413
2257  8.76433285066961
2258  8.76440444406550
2259  8.76447599582440
2260  8.76454750599014
2261  8.76461897470343
2262  8.76469040179831
2263  8.76476178150928
2264  8.76483312413808
2265  8.76490442697400
2266  8.76497568847197
2267  8.76504690867473
2268  8.76511808762489
2269  8.76518922536347
2270  8.76526032193333
2271  8.76533137737661
2272  8.76540239173534
2273  8.76547336491327
2274  8.76554429674556
2275  8.76561518759311
2276  8.76568603751061
2277  8.76575684655089
2278  8.76582761474439
2279  8.76589834215763
2280  8.76596902878218
2281  8.76603967468434
2282  8.76611027995209
2283  8.76618084453443
2284  8.76625136854395
2285  8.76632185197135
2286  8.76639229488323
2287  8.76646269730891
2288  8.76653305931376
2289  8.76660338077755
2290  8.76667366203966
2291  8.76674390299171
2292  8.76681410367604
2293  8.76688426413163
2294  8.76695438439956
2295  8.76702446461034
2296  8.76709450475172
2297  8.76716450482746
2298  8.76723446487732
2299  8.76730438494304
2300  8.76737426504535
2301  8.76744410526321
2302  8.76751390560580
2303  8.76758366613702
2304  8.76765338688648
2305  8.76772306789215
2306  8.76779270919572
2307  8.76786231083620
2308  8.76793187285467
2309  8.76800139533657
2310  8.76807087822952
2311  8.76814032145339
2312  8.76820972534427
2313  8.76827908983401
2314  8.76834841495189
2315  8.76841770071285
2316  8.76848694718126
2317  8.76855615440903
2318  8.76862532238546
2319  8.76869445117539
2320  8.76876354081767
2321  8.76883259135126
2322  8.76890160281528
2323  8.76897057524988
2324  8.76903950869326
2325  8.76910840318449
2326  8.76917725875007
2327  8.76924607576271
2328  8.76931485361861
2329  8.76938359269095
2330  8.76945229300458
2331  8.76952095459845
2332  8.76958957738236
2333  8.76965816160772
2334  8.76972670728387
2335  8.76979521439422
2336  8.76986368297873
2337  8.76993211307412
2338  8.77000050461273
2339  8.77006881395621
2340  8.77013718259571
2341  8.77020548232117
2342  8.77027368743643
2343  8.77034188739916
2344  8.77041004913723
2345  8.77047817268974
2346  8.77054625812007
2347  8.77061430541490
2348  8.77068231463783
2349  8.77075028582542
2350  8.77081821904133
2351  8.77088611427224
2352  8.77095397156902
2353  8.77102179099399
2354  8.77108957255948
2355  8.77115731632733
2356  8.77122502232327
2357  8.77129269058407
2358  8.77136032114687
2359  8.77142791404895
2360  8.77149546932477
2361  8.77156298701239
2362  8.77163046715096
2363  8.77169790977670
2364  8.77176531492657
2365  8.77183268262589
2366  8.77190001293403
2367  8.77196730586537
2368  8.77203456148022
2369  8.77210177976766
2370  8.77216896088289
2371  8.77223610473148
2372  8.77230321139751
2373  8.77237028091724
2374  8.77243731332700
2375  8.77250430866414
2376  8.77257126696395
2377  8.77263818826212
2378  8.77270507258513
2379  8.77277192000987
2380  8.77283873053024
2381  8.77290550417568
2382  8.77297224101282
2383  8.77303894106544
2384  8.77310560438800
2385  8.77317223098564
2386  8.77323882089942
2387  8.77330537416753
2388  8.77337189082820
2389  8.77343837091851
2390  8.77350481447489
2391  8.77357122152077
2392  8.77363759211474
2393  8.77370392628128
2394  8.77377022414357
2395  8.77383648556079
2396  8.77390271072820
2397  8.77396889956295
2398  8.77403505212037
2399  8.77410116834996
2400  8.77416724855257
2401  8.77423329256556
2402  8.77429930064197
2403  8.77436527251638
2404  8.77443120830101
2405  8.77449710806818
2406  8.77456297187443
2407  8.77462879973309
2408  8.77469459170074
2409  8.77476034799321
2410  8.77482606826008
2411  8.77489175272806
2412  8.77495740142465
2413  8.77502301431576
2414  8.77508859154235
2415  8.77515413344183
2416  8.77521963980016
2417  8.77528511014908
2418  8.77535054493835
2419  8.77541594444227
2420  8.77548130824747
2421  8.77554663659509
2422  8.77561192954151
2423  8.77567718710972
2424  8.77574240933280
2425  8.77580759624503
2426  8.77587274788016
2427  8.77593786427149
2428  8.77600294545399
2429  8.77606799145990
2430  8.77613300184650
2431  8.77619797758987
2432  8.77626291831788
2433  8.77632782392840
2434  8.77639269444851
2435  8.77645752999722
2436  8.77652233059665
2437  8.77658709627985
2438  8.77665182707998
2439  8.77671652302907
2440  8.77678118416255
2441  8.77684581051255
2442  8.77691040211186
2443  8.77697495899342
2444  8.77703948118953
2445  8.77710396872336
2446  8.77716842118308
2447  8.77723283933772
2448  8.77729722296820
2449  8.77736157214256
2450  8.77742588680477
2451  8.77749016683496
2452  8.77755441264726
2453  8.77761862407954
2454  8.77768280118896
2455  8.77774694394361
2456  8.77781105241999
2457  8.77787512663784
2458  8.77793916661708
2459  8.77800317241293
2460  8.77806676352031
2461  8.77813069959538
2462  8.77819460288126
2463  8.77825847212783
2464  8.77832230731474
2465  8.77838610851252
2466  8.77844987577958
2467  8.77851360908450
2468  8.77857730806796
2469  8.77864097357751
2470  8.77870460525529
2471  8.77876820313331
2472  8.77883176720614
2473  8.77889529755904
2474  8.77895879419866
2475  8.77902225714325
2476  8.77908568643514
2477  8.77914908212217
2478  8.77921244422116
2479  8.77927577276374
2480  8.77933906778191
2481  8.77940232930640
2482  8.77946555706184
2483  8.77952875144741
2484  8.77959191253471
2485  8.77965504025343
2486  8.77971813468406
2487  8.77978119579395
2488  8.77984422363753
2489  8.77990721824868
2490  8.77997017968593
2491  8.78003310792423
2492  8.78009600300705
2493  8.78015886497932
2494  8.78022169387525
2495  8.78028448970192
2496  8.78034725253538
2497  8.78040998237435
2498  8.78047267922730
2499  8.78053534312647
2500  8.78059797414155
2501  8.78066057228460
2502  8.78072313755615
2503  8.78078567007625
2504  8.78084816976105
2505  8.78091063672026
2506  8.78097307095413
2507  8.78103547251584
2508  8.78109784122976
2509  8.78116017746018
2510  8.78122248112497
2511  8.78128475222458
2512  8.78134699076780
2513  8.78140919352678
2514  8.78147136283628
2515  8.78153349969890
2516  8.78159560408151
2517  8.78165767607494
2518  8.78171971568911
2519  8.78178172294691
2520  8.78184369788902
2521  8.78190564056508
2522  8.78196755092921
2523  8.78202942907473
2524  8.78209127502078
2525  8.78215308903027
2526  8.78221487076301
2527  8.78227662026017
2528  8.78233833768237
2529  8.78240002305340
2530  8.78246167638144
2531  8.78252329774041
2532  8.78258488716412
2533  8.78264644460117
2534  8.78270797014425
2535  8.78276946380099
2536  8.78283092570744
2537  8.78289235569231
2538  8.78295375398393
2539  8.78301512039078
2540  8.78307645507371
2541  8.78313775806607
2542  8.78319902936654
2543  8.78326026904694
2544  8.78332147705891
2545  8.78338265354767
2546  8.78344379843337
2547  8.78350491180370
2548  8.78356599365506
2549  8.78362704405345
2550  8.78368806299655
2551  8.78374905052786
2552  8.78381000667085
2553  8.78387093145458
2554  8.78393182489360
2555  8.78399268702959
2556  8.78405351791676
2557  8.78411431756788
2558  8.78417508320346
2559  8.78423582043873
2560  8.78429652649237
2561  8.78435720143507
2562  8.78441784529117
2563  8.78447845806510
2564  8.78453903977679
2565  8.78459959045754
2566  8.78466011013116
2567  8.78472059870201
2568  8.78478105645736
2569  8.78484148336597
2570  8.78490187937137
2571  8.78496224452134
2572  8.78502257885753
2573  8.78508288237724
2574  8.78514315517365
2575  8.78520339737111
2576  8.78526360870437
2577  8.78532378933103
2578  8.78538393915416
2579  8.78544405852455
2580  8.78550414724562
2581  8.78556420544437
2582  8.78562423305441
2583  8.78568423017027
2584  8.78574419678738
2585  8.78580413294873
2586  8.78586403865175
2587  8.78592391396746
2588  8.78598375888016
2589  8.78604357347601
2590  8.78610335802400
2591  8.78616311198111
2592  8.78622283563262
2593  8.78628252904735
2594  8.78634219227812
2595  8.78640182530093
2596  8.78646142814894
2597  8.78652100084710
2598  8.78658054345702
2599  8.78664005604953
2600  8.78669953851700
2601  8.78675899095121
2602  8.78681841338423
2603  8.78687780584920
2604  8.78693716835024
2605  8.78699650093729
2606  8.78705580361679
2607  8.78711507644176
2608  8.78717431940124
2609  8.78723353257764
2610  8.78729271596408
2611  8.78735186952028
2612  8.78741099340673
2613  8.78747008756579
2614  8.78752915202530
2615  8.78758818683439
2616  8.78764719200778
2617  8.78770616760520
2618  8.78776511359681
2619  8.78782403004495
2620  8.78788291696775
2621  8.78794177440673
2622  8.78800060231724
2623  8.78805940083457
2624  8.78811816993071
2625  8.78817690958590
2626  8.78823561990667
2627  8.78829430087794
2628  8.78835295252023
2629  8.78841157488727
2630  8.78847016802126
2631  8.78852873187686
2632  8.78858726654426
2633  8.78864577201531
2634  8.78870424829574
2635  8.78876269543903
2636  8.78882111349992
2637  8.78887950245734
2638  8.78893786238028
2639  8.78899619323920
2640  8.78905449508277
2641  8.78911276795477
2642  8.78917101188691
2643  8.78922922685723
2644  8.78928741292086
2645  8.78934557011282
2646  8.78940369848751
2647  8.78946179798152
2648  8.78951986868064
2649  8.78957791044830
2650  8.78963592362933
2651  8.78969390804570
2652  8.78975186379060
2653  8.78980979094595
2654  8.78986768930057
2655  8.78992555907296
2656  8.78998340025085
2657  8.79004121332025
2658  8.79009899735368
2659  8.79015675285278
2660  8.79021447985476
2661  8.79027217836926
2662  8.79032984184744
2663  8.79038748110889
2664  8.79044509433283
2665  8.79050267916625
2666  8.79056023567289
2667  8.79061776389690
2668  8.79067526372001
2669  8.79073273530937
2670  8.79079017866800
2671  8.79084759373057
2672  8.79090498059358
2673  8.79096233930291
2674  8.79101966985476
2675  8.79107697223773
2676  8.79113424654551
2677  8.79119149279220
2678  8.79124871093074
2679  8.79130590104017
2680  8.79136306314397
2681  8.79142019725246
2682  8.79147730341660
2683  8.79153438161088
2684  8.79159143189165
2685  8.79164845430950
2686  8.79170544886156
2687  8.79176241562830
2688  8.79181935462322
2689  8.79187618612915
2690  8.79193306942570
2691  8.79198992493766
2692  8.79204675277336
2693  8.79210355291036
2694  8.79216032535159
2695  8.79221707013887
2696  8.79227378731709
2697  8.79233047688106
2698  8.79238713886105
2699  8.79244377327425
2700  8.79250038023387
2701  8.79255695956924
2702  8.79261351147665
2703  8.79267003577510
2704  8.79272653274359
2705  8.79278300233093
2706  8.79283944454618
2707  8.79289585936689
2708  8.79295224685540
2709  8.79300860706865
2710  8.79306493995322
2711  8.79312124555229
2712  8.79317752389004
2713  8.79323377502234
2714  8.79328999896131
2715  8.79334619567500
2716  8.79340236529247
2717  8.79345850776296
2718  8.79351462312390
2719  8.79357071137467
2720  8.79362677257308
2721  8.79368280674269
2722  8.79373881389687
2723  8.79379479403780
2724  8.79385074719661
2725  8.79390667343725
2726  8.79396257275197
2727  8.79401844512484
2728  8.79407429064023
2729  8.79413010931644
2730  8.79418590116001
2731  8.79424166616336
2732  8.79429740440877
2733  8.79435311587091
2734  8.79440880059416
2735  8.79446445859939
2736  8.79452008992075
2737  8.79457569454899
2738  8.79463127259068
2739  8.79468682394339
2740  8.79474234870232
2741  8.79479784687518
2742  8.79485331844853
2743  8.79490876349385
2744  8.79496418254734
2745  8.79501957460125
2746  8.79507494018095
2747  8.79513027928719
2748  8.79518559200074
2749  8.79524087833482
2750  8.79529613825959
2751  8.79535137180726
2752  8.79540657901605
2753  8.79546175992910
2754  8.79551691455027
2755  8.79557204288196
2756  8.79562714499156
2757  8.79568222085277
2758  8.79573727051463
2759  8.79579229398419
2760  8.79584729131120
2761  8.79590226246989
2762  8.79595720696034
2763  8.79601212591321
2764  8.79606701880050
2765  8.79612188565608
2766  8.79617672646439
2767  8.79623154128550
2768  8.79628633029099
2769  8.79634109316577
2770  8.79639583008002
2771  8.79645054112897
2772  8.79650522627551
2773  8.79655988554993
2774  8.79661451897029
2775  8.79666912655773
2776  8.79672370832155
2777  8.79677826427137
2778  8.79683279449099
2779  8.79688729896347
2780  8.79694177771138
2781  8.79699623075638
2782  8.79705065809958
2783  8.79710505980283
2784  8.79715943586634
2785  8.79721378629464
2786  8.79726811114401
2787  8.79732241039871
2788  8.79737668411096
2789  8.79743093232676
2790  8.79748515500473
2791  8.79753935218114
2792  8.79759352390344
2793  8.79764767016564
2794  8.79770179097139
2795  8.79775588637145
2796  8.79780995641519
2797  8.79786400106806
2798  8.79791802038019
2799  8.79797201437102
2800  8.79802598306305
2801  8.79807992645700
2802  8.79813384459949
2803  8.79818773751782
2804  8.79824160522017
2805  8.79829544772651
2806  8.79834926503741
2807  8.79840305721781
2808  8.79845682426391
2809  8.79851056620010
2810  8.79856428304419
2811  8.79861797486827
2812  8.79867164159365
2813  8.79872528328979
2814  8.79877889997863
2815  8.79883249167943
2816  8.79888605841399
2817  8.79893960019046
2818  8.79899311705444
2819  8.79904660901443
2820  8.79910007642945
2821  8.79915351862987
2822  8.79920693599812
2823  8.79926032854214
2824  8.79931369628301
2825  8.79936703924142
2826  8.79942035743816
2827  8.79947365089410
2828  8.79952691962543
2829  8.79958016364957
2830  8.79963338302335
2831  8.79968657771570
2832  8.79973974775597
2833  8.79979289318836
2834  8.79984601402217
2835  8.79989911027577
2836  8.79995218196095
2837  8.80000522913914
2838  8.80005825177603
2839  8.80011124991176
2840  8.80016422356955
2841  8.80021717276851
2842  8.80027009752722
2843  8.80032299786803
2844  8.80037587380842
2845  8.80042872542092
2846  8.80048155246202
2847  8.80053435531720
2848  8.80058713407138
2849  8.80063988831613
2850  8.80069261828005
2851  8.80074532398306
2852  8.80079800543514
2853  8.80085066267864
2854  8.80090329572058
2855  8.80095590467173
2856  8.80100848937145
2857  8.80106104992881
2858  8.80111358636295
2859  8.80116609869518
2860  8.80121858694558
2861  8.80127105113115
2862  8.80132349127361
2863  8.80137590738033
2864  8.80142829948973
2865  8.80148066760968
2866  8.80153301144408
2867  8.80158533152902
2868  8.80163762781730
2869  8.80168990019729
2870  8.80174214869012
2871  8.80179437333917
2872  8.80184657411252
2873  8.80189875105478
2874  8.80195090418629
2875  8.80200303352584
2876  8.80205513909321
2877  8.80210722090720
2878  8.80215927896880
2879  8.80221131334538
2880  8.80226332401347
2881  8.80231531100344
2882  8.80236727433643
2883  8.80241921401872
2884  8.80247113009360
2885  8.80252302256661
2886  8.80257489150956
2887  8.80262673683808
2888  8.80267855862331
2889  8.80273035688318
2890  8.80278213163891
2891  8.80283388290709
2892  8.80288561070694
2893  8.80293731505726
2894  8.80298899596421
2895  8.80304065347300
2896  8.80309228758804
2897  8.80314389832901
2898  8.80319548570764
2899  8.80324704975460
2900  8.80329859048507
2901  8.80335010989361
2902  8.80340160404329
2903  8.80345307493187
2904  8.80350452257707
2905  8.80355594685745
2906  8.80360734834871
2907  8.80365872637556
2908  8.80371008123270
2909  8.80376141294125
2910  8.80381272150489
2911  8.80386400696706
2912  8.80391526933378
2913  8.80396650864559
2914  8.80401772487341
2915  8.80406891806471
2916  8.80412008823517
2917  8.80417123540141
2918  8.80422235958335
2919  8.80427346079983
2920  8.80432453906851
2921  8.80437559448265
2922  8.80442662690758
2923  8.80447763643860
2924  8.80452862309563
2925  8.80457958684668
2926  8.80463052780629
2927  8.80468144594605
2928  8.80473234128236
2929  8.80478321366764
2930  8.80483406344630
2931  8.80488489048566
2932  8.80493569479174
2933  8.80498647638443
2934  8.80503723528346
2935  8.80508797150440
2936  8.80513868506882
2937  8.80518937599087
2938  8.80524004428983
2939  8.80529068995870
2940  8.80534131299689
2941  8.80539191345951
2942  8.80544249138725
2943  8.80549304730556
2944  8.80554358019364
2945  8.80559409058710
2946  8.80564457849282
2947  8.80569504395279
2948  8.80574548697416
2949  8.80579590757335
2950  8.80584630576801
2951  8.80589668157603
2952  8.80594703501496
2953  8.80599736610340
2954  8.80604767485727
2955  8.80609796129547
2956  8.80614822546076
2957  8.80619846730597
2958  8.80624868690125
2959  8.80629888424936
2960  8.80634905936783
2961  8.80639921227482
2962  8.80644934297148
2963  8.80649945103394
2964  8.80654953743511
2965  8.80659960166543
2966  8.80664964377269
2967  8.80669966375954
2968  8.80674966159480
2969  8.80679963735184
2970  8.80684959104720
2971  8.80689952270065
2972  8.80694943232906
2973  8.80699931993597
2974  8.80704918556420
2975  8.80709902919818
2976  8.80714885089458
2977  8.80719865065024
2978  8.80724842847213
2979  8.80729818440040
2980  8.80734791843912
2981  8.80739763060659
2982  8.80744732092789
2983  8.80749698940292
2984  8.80754663605673
2985  8.80759626090804
2986  8.80764586402068
2987  8.80769544531716
2988  8.80774500485979
2989  8.80779454265549
2990  8.80784405874306
2991  8.80789355313007
2992  8.80794302583256
2993  8.80799247686553
2994  8.80804190623553
2995  8.80809131398189
2996  8.80814070011190
2997  8.80819006464037
2998  8.80823940762269
2999  8.80828872901239
3000  8.80833802886435
3001  8.80838730716282
3002  8.80843656393930
3003  8.80848579921216
3004  8.80853501300004
3005  8.80858420530780
3006  8.80863337617798
3007  8.80868252561380
3008  8.80873165365884
3009  8.80878076027487
3010  8.80882984549420
3011  8.80887889319083
3012  8.80892784322086
3013  8.80897677188629
3014  8.80902567920235
3015  8.80907456514854
3016  8.80912342981606
3017  8.80917227318448
3018  8.80922109534023
3019  8.80926989629758
3020  8.80931867586687
3021  8.80936743419047
3022  8.80941617130738
3023  8.80946488722370
3024  8.80951358195421
3025  8.80956225551655
3026  8.80961090791342
3027  8.80965953918668
3028  8.80970814933936
3029  8.80975673839015
3030  8.80980530635337
3031  8.80985385324412
3032  8.80990237908012
3033  8.80995088387658
3034  8.80999936764961
3035  8.81004783041682
3036  8.81009627219210
3037  8.81014469299266
3038  8.81019309282280
3039  8.81024147172376
3040  8.81028982969660
3041  8.81033816675758
3042  8.81038648296775
3043  8.81043477825216
3044  8.81048305270423
3045  8.81053130628271
3046  8.81057953899117
3047  8.81062775097081
3048  8.81067594211357
3049  8.81072411246670
3050  8.81077226204869
3051  8.81082039088101
3052  8.81086849900379
3053  8.81091658637889
3054  8.81096465303891
3055  8.81101269902202
3056  8.81106072433430
3057  8.81110872898750
3058  8.81115671300091
3059  8.81120467637619
3060  8.81125261915548
3061  8.81130054133946
3062  8.81134844294380
3063  8.81139632398588
3064  8.81144418448107
3065  8.81149202444339
3066  8.81153984389103
3067  8.81158764283764
3068  8.81163542130056
3069  8.81168317929190
3070  8.81173091681869
3071  8.81177863391884
3072  8.81182633059499
3073  8.81187400686524
3074  8.81192166274342
3075  8.81196929823826
3076  8.81201691337930
3077  8.81206450817281
3078  8.81211208263573
3079  8.81215963683586
3080  8.81220717068446
3081  8.81225468424812
3082  8.81230217754843
3083  8.81234965059204
3084  8.81239710339504
3085  8.81244453597434
3086  8.81249194834506
3087  8.81253934051157
3088  8.81258671251296
3089  8.81263406437748
3090  8.81268139606743
3091  8.81272870762662
3092  8.81277599905508
3093  8.81282327039482
3094  8.81287052164736
3095  8.81291775282887
3096  8.81296496386161
3097  8.81301215480819
3098  8.81305932570496
