1  0.00000000000000
2  0.00000000000000
3  0.00000000000000
4  0.00000000000000
5  0.00000000000000
6  2.94602562793813
7  3.13865006797810
8  3.29509560820417
9  3.42653010391835
10  3.53946747616332
11  3.63813537619373
12  3.72547883628655
13  3.80363843336521
14  3.87421312532401
15  3.93842199812788
16  3.99721627847621
17  4.05135312834015
18  4.10144516528506
19  4.14799496629444
20  4.19141983348789
21  4.23206973946116
22  4.27024112500255
23  4.30618695521336
24  4.34012476185735
25  4.37224300111839
26  4.40270558913714
27  4.43165626517499
28  4.45922150843703
29  4.48551320850762
30  4.51063077650265
31  4.53466289110053
32  4.55768896131970
33  4.57978034908721
34  4.60100141777595
35  4.62141025811004
36  4.64105985862901
37  4.65999811041493
38  4.67826883529486
39  4.69591208804326
40  4.71296452059266
41  4.72946001004447
42  4.74542942312247
43  4.76090143425620
44  4.77590249114199
45  4.79045707674786
46  4.80458789704392
47  4.81831604364349
48  4.83166113933490
49  4.84464146883611
50  4.85727409920391
51  4.86957495717621
52  4.88155918940128
53  4.89324039314816
54  4.90463192632467
55  4.91574606697176
56  4.92659440353049
57  4.93718783957551
58  4.94753666164534
59  4.95765056886567
60  4.96753872080420
61  4.97720977587174
62  4.98667192656957
63  4.99593293078737
64  5.00500014176963
65  5.01388053534900
66  5.02258073410132
67  5.03110707297901
68  5.03946550092439
69  5.04766169840348
70  5.05570079467699
71  5.06358853990772
72  5.07132957444377
73  5.07892859759524
74  5.08639010450379
75  5.09371838389412
76  5.10091753879250
77  5.10799149348041
78  5.11494400425255
79  5.12177866874652
80  5.12849893901240
81  5.13510811182792
82  5.14160936085393
83  5.14800562418478
84  5.15429993438941
85  5.16049503128645
86  5.16659366688883
87  5.17259850576816
88  5.17851201218752
89  5.18433659703808
90  5.19007419826082
91  5.19572773587371
92  5.20129892409236
93  5.20678991048398
94  5.21220269709722
95  5.21753921039061
96  5.22280130970232
97  5.22799079018526
98  5.23310938600600
99  5.23815877276439
100  5.24314057007865
101  5.24805634419134
102  5.25290760983666
103  5.25769583268858
104  5.26242243081480
105  5.26708877833188
106  5.27170120489972
107  5.27625099423678
108  5.28074440582948
109  5.28518264436306
110  5.28956688377183
111  5.29389826257627
112  5.29817788559341
113  5.30240682382483
114  5.30658611748275
115  5.31071677610837
116  5.31479978202925
117  5.31883608789823
118  5.32282661932992
119  5.32677227640556
120  5.33067393346473
121  5.33453243868309
122  5.33834862300477
123  5.34212329075291
124  5.34585722406779
125  5.34955158514756
126  5.35320646399387
127  5.35682268927738
128  5.36040111055713
129  5.36394241427352
130  5.36744729973273
131  5.37091645388472
132  5.37435043751668
133  5.37774988796037
134  5.38111540175228
135  5.38444757081591
136  5.38774696202577
137  5.39101413855867
138  5.39424964675114
139  5.39745401979356
140  5.40062777825577
141  5.40377142956932
142  5.40688547047836
143  5.40997038542895
144  5.41302618261516
145  5.41605408302815
146  5.41905441225946
147  5.42202744454998
148  5.42497361154337
149  5.42789333515144
150  5.43078702776541
151  5.43365509319080
152  5.43649792560588
153  5.43931591220289
154  5.44210942769679
155  5.44487884358015
156  5.44762452158418
157  5.45034681510107
158  5.45304607058504
159  5.45572262728079
160  5.45837681206139
161  5.46100895843862
162  5.46361938151024
163  5.46620839190437
164  5.46877629617582
165  5.47132339325983
166  5.47384997643694
167  5.47635633349493
168  5.47884274610831
169  5.48130949014808
170  5.48375683653122
171  5.48618505091910
172  5.48859439341323
173  5.49098511942016
174  5.49335747892763
175  5.49571171699642
176  5.49804807567987
177  5.50036679138545
178  5.50266809557498
179  5.50495221586133
180  5.50721937557608
181  5.50946979417496
182  5.51170368691688
183  5.51392126489570
184  5.51612273553209
185  5.51830830268100
186  5.52047816660493
187  5.52263252379689
188  5.52477156701225
189  5.52689548590121
190  5.52900446664610
191  5.53109869240117
192  5.53317834293550
193  5.53524359510634
194  5.53729462247168
195  5.53933159545892
196  5.54135468210697
197  5.54336404724188
198  5.54535985322908
199  5.54734225903870
200  5.54931142185844
201  5.55126749570341
202  5.55321050204096
203  5.55514122568098
204  5.55705894443993
205  5.55896399879232
206  5.56085676874530
207  5.56273739346688
208  5.56460601050280
209  5.56646275507056
210  5.56830776275807
211  5.57014021425309
212  5.57196205171451
213  5.57377223733078
214  5.57557109618558
215  5.57735878069715
216  5.57913541206573
217  5.58090110972827
218  5.58265599112549
219  5.58440017221196
220  5.58613376672022
221  5.58785688691397
222  5.58956964362442
223  5.59127214571475
224  5.59296450024938
225  5.59464681335406
226  5.59631918902237
227  5.59798173001182
228  5.59963453732459
229  5.60127771058620
230  5.60291134823701
231  5.60453554716189
232  5.60615040248025
233  5.60775523539803
234  5.60935140522630
235  5.61093878477328
236  5.61251718901194
237  5.61408670647609
238  5.61564742544683
239  5.61719943227744
240  5.61874275598407
241  5.62027748824462
242  5.62180375348762
243  5.62332163304314
244  5.62483120753138
245  5.62633255683450
246  5.62782575814781
247  5.62931088848217
248  5.63078802446234
249  5.63225724116404
250  5.63371861249174
251  5.63517221170793
252  5.63661811097127
253  5.63805638144557
254  5.63948709328666
255  5.64091031601891
256  5.64232611921322
257  5.64373456918956
258  5.64513573235006
259  5.64652967466766
260  5.64791646104875
261  5.64929615554808
262  5.65066882162020
263  5.65203452152866
264  5.65339331722175
265  5.65474526943943
266  5.65609043809045
267  5.65742888306521
268  5.65876063774645
269  5.66008580154669
270  5.66140442440435
271  5.66271655385650
272  5.66402224566962
273  5.66532155504275
274  5.66661453642806
275  5.66790124362610
276  5.66918173007546
277  5.67045604776391
278  5.67172424886227
279  5.67298638453330
280  5.67424250558557
281  5.67549266188881
282  5.67673690318190
283  5.67797527814518
284  5.67920783504417
285  5.68043462167755
286  5.68165568548311
287  5.68287107258774
288  5.68408082914368
289  5.68528500105496
290  5.68648363315431
291  5.68767677003264
292  5.68886445556674
293  5.69004673330939
294  5.69122364627317
295  5.69239523691697
296  5.69356154743980
297  5.69472261926215
298  5.69587849358554
299  5.69702921101335
300  5.69817481165116
301  5.69931533509588
302  5.70045082099396
303  5.70158130801345
304  5.70270683483331
305  5.70382743920008
306  5.70494315886826
307  5.70605403092133
308  5.70716009227249
309  5.70826139023180
310  5.70935793892410
311  5.71044978476106
312  5.71153696306701
313  5.71261950874517
314  5.71369745624505
315  5.71477083969835
316  5.71583969281802
317  5.71690404906820
318  5.71796394138944
319  5.71901940254951
320  5.72007046487438
321  5.72111716048812
322  5.72215952109236
323  5.72319757791317
324  5.72423136201033
325  5.72526090422754
326  5.72628623489161
327  5.72730738415602
328  5.72832438164569
329  5.72933725706459
330  5.73034603946217
331  5.73135075785725
332  5.73235144070200
333  5.73334811629174
334  5.73434081280139
335  5.73532955787161
336  5.73631437921609
337  5.73729530387648
338  5.73827235873555
339  5.73924557045739
340  5.74021496544317
341  5.74118056984184
342  5.74214242070894
343  5.74310053875291
344  5.74405494346022
345  5.74500566023278
346  5.74595269701723
347  5.74689613779603
348  5.74783593188980
349  5.74877214536525
350  5.74970480203579
351  5.75063388349817
352  5.75155947917090
353  5.75248156976402
354  5.75340018843307
355  5.75431535796076
356  5.75522710088845
357  5.75613543963201
358  5.75704039666561
359  5.75794199380803
360  5.75884025294329
361  5.75973519568826
362  5.76062684343980
363  5.76151521747209
364  5.76240033874679
365  5.76328222793950
366  5.76416090608152
367  5.76503639335012
368  5.76590871010228
369  5.76677787643522
370  5.76764391212456
371  5.76850683704663
372  5.76936667087987
373  5.77022343267089
374  5.77107714175128
375  5.77192781720605
376  5.77277547790182
377  5.77362014242320
378  5.77446178481881
379  5.77530051246750
380  5.77613629931181
381  5.77696916305751
382  5.77779912166272
383  5.77862619296545
384  5.77945039446010
385  5.78027174361271
386  5.78109025610895
387  5.78190594866731
388  5.78271883999105
389  5.78352894705778
390  5.78433628647241
391  5.78514087468383
392  5.78594272830130
393  5.78674186348184
394  5.78753829641865
395  5.78833204298197
396  5.78912311904742
397  5.78991154038830
398  5.79069732269896
399  5.79148048122129
400  5.79226103125503
401  5.79303898812020
402  5.79381436690956
403  5.79458718248518
404  5.79535744970141
405  5.79612518330873
406  5.79689039784607
407  5.79765310778286
408  5.79841332749072
409  5.79917107114727
410  5.79992635281911
411  5.80067918665700
412  5.80142958660813
413  5.80217756615990
414  5.80292313905035
415  5.80366631895551
416  5.80440711930507
417  5.80514555320237
418  5.80588163434870
419  5.80661537562722
420  5.80734678989933
421  5.80807589020597
422  5.80880268936882
423  5.80952719988991
424  5.81024943464782
425  5.81096940609069
426  5.81168712659249
427  5.81240260845059
428  5.81311586390899
429  5.81382690675948
430  5.81453574574515
431  5.81524239438759
432  5.81594686457354
433  5.81664916810736
434  5.81734931658089
435  5.81804732155924
436  5.81874319147305
437  5.81943694285359
438  5.82012858599966
439  5.82081813110553
440  5.82150558930834
441  5.82219097169177
442  5.82287428925478
443  5.82355555273955
444  5.82423477305008
445  5.82491196091773
446  5.82558712701651
447  5.82626028180205
448  5.82693143590473
449  5.82760059973077
450  5.82826778346189
451  5.82893299744092
452  5.82959625180106
453  5.83025755667410
454  5.83091692218014
455  5.83157435830542
456  5.83222987504148
457  5.83288348175862
458  5.83353518843493
459  5.83418500481785
460  5.83483294038588
461  5.83547900462185
462  5.83612320713556
463  5.83676555729863
464  5.83740606445961
465  5.83804473772327
466  5.83868158641005
467  5.83931661942121
468  5.83994984624897
469  5.84058127570134
470  5.84121091663248
471  5.84183877689255
472  5.84246486703641
473  5.84308919552373
474  5.84371177063122
475  5.84433260105283
476  5.84495169518886
477  5.84556906163640
478  5.84618470883859
479  5.84679864519322
480  5.84741087902079
481  5.84802141858117
482  5.84863027224959
483  5.84923744794940
484  5.84984295376786
485  5.85044679780135
486  5.85104898805812
487  5.85164953250237
488  5.85224843894868
489  5.85284571525271
490  5.85344136918524
491  5.85403540849075
492  5.85462784080094
493  5.85521867378310
494  5.85580791480868
495  5.85639556931855
496  5.85698164935199
497  5.85756615993845
498  5.85814910834329
499  5.85873050213880
500  5.85931034839222
501  5.85988865433042
502  5.86046542717226
503  5.86104067391398
504  5.86161440168318
505  5.86218661767642
506  5.86275732875687
507  5.86332654182499
508  5.86389426386875
509  5.86446050174533
510  5.86502526195231
511  5.86558855152522
512  5.86615037709874
513  5.86671074530727
514  5.86726966280176
515  5.86782713616061
516  5.86838317194108
517  5.86893777688905
518  5.86949095681272
519  5.87004271854002
520  5.87059306845576
521  5.87114201280743
522  5.87168955790534
523  5.87223571004754
524  5.87278047534160
525  5.87332386001190
526  5.87386587018034
527  5.87440651200611
528  5.87494578900099
529  5.87548371209980
530  5.87602028481257
531  5.87655551310040
532  5.87708940289646
533  5.87762196000222
534  5.87815319027714
535  5.87868309956747
536  5.87921169353862
537  5.87973897795278
538  5.88026495846241
539  5.88078964076280
540  5.88131303042496
541  5.88183513298238
542  5.88235595411461
543  5.88287549930669
544  5.88339377395448
545  5.88391078354188
546  5.88442653350592
547  5.88494094343834
548  5.88545405610219
549  5.88596592860488
550  5.88647656634987
551  5.88698597446069
552  5.88749415812298
553  5.88800112272697
554  5.88850687331722
555  5.88901141503156
556  5.88951475263785
557  5.89001689176805
558  5.89052042583010
559  5.89102018708727
560  5.89151876362680
561  5.89201616508761
562  5.89251238892230
563  5.89300744484921
564  5.89350133786872
565  5.89399406768550
566  5.89448564719759
567  5.89497607541344
568  5.89546535862111
569  5.89595350156379
570  5.89644050879216
571  5.89692638394856
572  5.89741113384112
573  5.89789476211502
574  5.89837727443765
575  5.89885867282312
576  5.89933896311520
577  5.89981814976710
578  5.90029623730671
579  5.90077323013636
580  5.90124913269609
581  5.90172394984104
582  5.90219768468100
583  5.90267034272877
584  5.90314274658820
585  5.90361321439851
586  5.90408189678821
587  5.90455028920713
588  5.90501762569419
589  5.90548391053621
590  5.90594914796639
591  5.90641334206897
592  5.90687649698134
593  5.90733861685371
594  5.90779970562901
595  5.90825976720917
596  5.90871880623616
597  5.90917682634394
598  5.90963383158637
599  5.91008982586488
600  5.91054481324087
601  5.91099879743865
602  5.91145178246497
603  5.91190377219897
604  5.91235476514839
605  5.91280477575505
606  5.91325380266320
607  5.91370184960622
608  5.91414892036444
609  5.91459501862099
610  5.91504014812224
611  5.91548431264215
612  5.91592751578977
613  5.91636976126606
614  5.91680819613308
615  5.91724853140733
616  5.91768792022098
617  5.91812636656459
618  5.91856387306183
619  5.91900044342489
620  5.91943608139153
621  5.91987079018109
622  5.92030457358889
623  5.92073743485058
624  5.92116937752462
625  5.92160040497747
626  5.92203049906936
627  5.92245957978701
628  5.92288774305759
629  5.92331500149360
630  5.92374135835996
631  5.92416681717505
632  5.92459138127397
633  5.92501505388186
634  5.92543783831203
635  5.92585973780762
636  5.92628075567064
637  5.92670089507483
638  5.92712015926482
639  5.92753855146652
640  5.92795607481263
641  5.92837273249583
642  5.92878852768794
643  5.92920346355763
644  5.92961754309015
645  5.93003076946198
646  5.93044314576206
647  5.93085467506057
648  5.93126536045316
649  5.93167520489603
650  5.93208421145340
651  5.93249238315868
652  5.93289972290058
653  5.93330623378939
654  5.93371191876099
655  5.93411678057382
656  5.93452082244444
657  5.93492404716402
658  5.93532645763457
659  5.93572805674144
660  5.93612884742082
661  5.93652883242996
662  5.93692801465670
663  5.93732639690145
664  5.93772398189576
665  5.93812077268032
666  5.93851677189155
667  5.93891198235449
668  5.93930640683251
669  5.93970004797266
670  5.94009290857264
671  5.94048499135016
672  5.94087629889677
673  5.94126683409205
674  5.94165659963763
675  5.94204559804371
676  5.94243383204124
677  5.94282130412232
678  5.94320801710656
679  5.94359397356236
680  5.94397917606726
681  5.94436362720793
682  5.94474732955496
683  5.94513028567696
684  5.94551249833754
685  5.94589396966375
686  5.94627470236228
687  5.94665469896207
688  5.94703396202612
689  5.94741249391810
690  5.94779029717723
691  5.94816737426850
692  5.94854372763057
693  5.94891935992217
694  5.94929427324174
695  5.94966847009203
696  5.95004195288386
697  5.95041472404385
698  5.95078678601076
699  5.95115814103415
700  5.95152879160410
701  5.95189874000131
702  5.95226798858412
703  5.95263653969226
704  5.95300439560765
705  5.95337155855415
706  5.95373803102808
707  5.95410381520559
708  5.95446891335717
709  5.95483332766819
710  5.95519706049463
711  5.95556011412919
712  5.95592249070312
713  5.95628419245492
714  5.95664522154867
715  5.95700558026072
716  5.95736527100712
717  5.95772429545589
718  5.95808265597827
719  5.95844035514760
720  5.95879739444572
721  5.95915377631822
722  5.95950950291964
723  5.95986458581109
724  5.96021900814870
725  5.96057278153199
726  5.96092590802387
727  5.96127839006058
728  5.96163022916195
729  5.96198142746858
730  5.96233198712106
731  5.96268191021619
732  5.96303119880394
733  5.96337985487989
734  5.96372788045957
735  5.96407527757368
736  5.96442204816921
737  5.96476819426252
738  5.96511371789004
739  5.96545862357576
740  5.96580035982661
741  5.96614311244228
742  5.96648616078049
743  5.96682859628611
744  5.96717042095336
745  5.96751163669944
746  5.96785224543343
747  5.96819224907453
748  5.96853164948339
749  5.96887044854952
750  5.96920864817043
751  5.96954625018777
752  5.96988325649571
753  5.97021966888952
754  5.97055548923533
755  5.97089071937620
756  5.97122536113467
757  5.97155941638506
758  5.97189288687347
759  5.97222577437751
760  5.97255808074105
761  5.97288980772644
762  5.97322095709391
763  5.97355153063960
764  5.97388153014725
765  5.97421095733071
766  5.97453981395909
767  5.97486810177243
768  5.97519582250322
769  5.97552297787653
770  5.97584956970162
771  5.97617559950555
772  5.97650106908117
773  5.97682598012503
774  5.97715033441099
775  5.97747413350243
776  5.97779737906485
777  5.97812007281580
778  5.97844221638370
779  5.97876381144256
780  5.97908485963736
781  5.97940536260226
782  5.97972532195667
783  5.98004473368166
784  5.98036356306616
785  5.98068184848416
786  5.98099959627134
787  5.98131680787971
788  5.98163348489486
789  5.98194962871795
790  5.98226524124949
791  5.98258032409038
792  5.98289487856715
793  5.98320890640385
794  5.98352240906256
795  5.98383538809885
796  5.98414784504357
797  5.98445978142304
798  5.98477119867492
799  5.98508209852338
800  5.98539248217815
801  5.98570235147327
802  5.98601170771227
803  5.98632055241700
804  5.98662888707319
805  5.98693671302876
806  5.98724403199535
807  5.98755084549592
808  5.98785715472777
809  5.98816296116866
810  5.98846826638431
811  5.98877307173812
812  5.98907743779534
813  5.98938126832804
814  5.98968458283906
815  5.98998740325385
816  5.99028973093307
817  5.99059156730821
818  5.99089291379556
819  5.99119377175938
820  5.99149414258932
821  5.99179402768470
822  5.99209342842512
823  5.99239234618244
824  5.99269078266334
825  5.99298873889177
826  5.99328621604876
827  5.99358321561013
828  5.99387973896826
829  5.99417578748283
830  5.99447136243709
831  5.99476646516663
832  5.99506109708029
833  5.99535525940019
834  5.99564895344765
835  5.99594218055822
836  5.99623494216632
837  5.99652723958094
838  5.99681907383965
839  5.99711044630327
840  5.99740135825012
841  5.99769181101972
842  5.99798180602033
843  5.99827134417441
844  5.99856042696230
845  5.99884905557290
846  5.99913723125070
847  5.99942495530352
848  5.99971222895811
849  5.99999905342793
850  6.00028542997576
851  6.00057135984394
852  6.00085684418518
853  6.00114188463999
854  6.00142648167542
855  6.00171063686140
856  6.00199435144257
857  6.00227762658703
858  6.00256046330821
859  6.00284286318509
860  6.00312482722328
861  6.00340635650262
862  6.00368745215049
863  6.00396811561734
864  6.00424834785865
865  6.00452815012795
866  6.00480752349204
867  6.00508646920459
868  6.00536498839156
869  6.00564308210536
870  6.00592075162619
871  6.00619799794656
872  6.00647482231451
873  6.00675122581772
874  6.00702720957646
875  6.00730277455839
876  6.00757792212468
877  6.00785265359841
878  6.00812696952257
879  6.00840087130977
880  6.00867435981453
881  6.00894743619019
882  6.00922010187437
883  6.00949235763402
884  6.00976420481304
885  6.01003564428255
886  6.01030667725474
887  6.01057730452225
888  6.01084752721813
889  6.01111734674034
890  6.01138676393911
891  6.01165578035663
892  6.01192439659958
893  6.01219261365157
894  6.01246043254271
895  6.01272785438543
896  6.01299488008234
897  6.01326151072945
898  6.01352774742671
899  6.01379359104528
900  6.01405904268091
901  6.01432410337077
902  6.01458877415314
903  6.01485305590710
904  6.01511694971173
905  6.01538045661804
906  6.01564357755085
907  6.01590631327988
908  6.01616866529336
909  6.01643063427395
910  6.01669222129194
911  6.01695342723317
912  6.01721425315488
913  6.01747469995147
914  6.01773476860383
915  6.01799446013377
916  6.01825377549230
917  6.01851271561159
918  6.01877128138591
919  6.01902947374905
920  6.01928729379831
921  6.01954474243464
922  6.01980182052563
923  6.02005852904426
924  6.02031486894870
925  6.02057084113679
926  6.02082644651976
927  6.02108168602452
928  6.02133656060169
929  6.02159107115139
930  6.02184521862925
931  6.02209900398410
932  6.02235242791377
933  6.02260549144701
934  6.02285819548303
935  6.02311054091651
936  6.02336252864478
937  6.02361415966471
938  6.02386543464490
939  6.02411635457580
940  6.02436692038395
941  6.02461713287645
942  6.02486699293827
943  6.02511650145905
944  6.02536565930457
945  6.02561446734021
946  6.02586292642510
947  6.02611103741515
948  6.02635880065123
949  6.02660621802464
950  6.02685328987074
951  6.02710001703407
952  6.02734640035947
953  6.02759244071358
954  6.02783813888037
955  6.02808349584237
956  6.02832851223417
957  6.02857318894703
958  6.02881752680276
959  6.02906152668945
960  6.02930518934113
961  6.02954851561618
962  6.02979150633598
963  6.03003416230711
964  6.03027648434435
965  6.03051847325135
966  6.03076012983185
967  6.03100145488702
968  6.03124244915545
969  6.03148311352830
970  6.03172344884393
971  6.03196345575410
972  6.03220313509079
973  6.03244248768892
974  6.03268151428483
975  6.03292021564541
976  6.03315859256753
977  6.03339664582368
978  6.03363437624983
979  6.03387178449148
980  6.03410887137486
981  6.03434563766362
982  6.03458208399541
983  6.03481821137538
984  6.03505402043575
985  6.03528951192975
986  6.03552468660801
987  6.03575954524391
988  6.03599408853275
989  6.03622831731565
990  6.03646223216308
991  6.03669583396741
992  6.03692912334340
993  6.03716210113210
994  6.03739476800661
995  6.03762712469656
996  6.03785917193724
997  6.03809091056665
998  6.03832234109673
999  6.03855346442853
1000  6.03878428114155
1001  6.03901479191234
1002  6.03924500124223
1003  6.03947490375484
1004  6.03970450130464
1005  6.03993379580652
1006  6.04016278798792
1007  6.04039147854844
1008  6.04061986819041
1009  6.04084795756890
1010  6.04107574740621
1011  6.04130323854528
1012  6.04153043145495
1013  6.04175732685253
1014  6.04198392542644
1015  6.04221022791375
1016  6.04243623497740
1017  6.04266194729441
1018  6.04288736552908
1019  6.04311249037100
1020  6.04333732253007
1021  6.04356186258263
1022  6.04378611126312
1023  6.04401006918472
1024  6.04423373703403
1025  6.04445711575381
1026  6.04468020580076
1027  6.04490300721182
1028  6.04512552134572
1029  6.04534774868329
1030  6.04556968985755
1031  6.04579134558161
1032  6.04601271641461
1033  6.04623380288845
1034  6.04645460593425
1035  6.04667512604510
1036  6.04689536375115
1037  6.04711531989907
1038  6.04733499554539
1039  6.04755439269303
1040  6.04777351012611
1041  6.04799234816524
1042  6.04821090786211
1043  6.04842918981024
1044  6.04864719448182
1045  6.04886492248642
1046  6.04908237447398
1047  6.04929955105492
1048  6.04951645284181
1049  6.04973308044524
1050  6.04994943447366
1051  6.05016551556683
1052  6.05038132426138
1053  6.05059686119787
1054  6.05081212697429
1055  6.05102712219022
1056  6.05124184744291
1057  6.05145630332973
1058  6.05167049045735
1059  6.05188440939246
1060  6.05209806073453
1061  6.05231144507137
1062  6.05252456301009
1063  6.05273741511902
1064  6.05295000195809
1065  6.05316232295470
1066  6.05337438125426
1067  6.05358617577693
1068  6.05379770737155
1069  6.05400897659792
1070  6.05421998402743
1071  6.05443073021456
1072  6.05464121575789
1073  6.05485144120837
1074  6.05506140704635
1075  6.05527111400202
1076  6.05548056255264
1077  6.05568975354634
1078  6.05589868696391
1079  6.05610736364900
1080  6.05631578414560
1081  6.05652394914236
1082  6.05673185898148
1083  6.05693951426027
1084  6.05714691557748
1085  6.05735406345472
1086  6.05756095843078
1087  6.05776760091542
1088  6.05797399173652
1089  6.05818013128943
1090  6.05838602011168
1091  6.05859165873861
1092  6.05879704770423
1093  6.05900218754102
1094  6.05920707876616
1095  6.05941172193563
1096  6.05961611757360
1097  6.05982026622071
1098  6.06002416834137
1099  6.06022782449074
1100  6.06043123521368
1101  6.06063440098741
1102  6.06083732235093
1103  6.06103999982101
1104  6.06124243391231
1105  6.06144462513818
1106  6.06164657401025
1107  6.06184828102559
1108  6.06204974670383
1109  6.06225097156969
1110  6.06245195604534
1111  6.06265270074796
1112  6.06285320615903
1113  6.06305347275583
1114  6.06325350263766
1115  6.06345329312501
1116  6.06365284626688
1117  6.06385216258330
1118  6.06405124260181
1119  6.06425008676230
1120  6.06444869555093
1121  6.06464706949021
1122  6.06484520905841
1123  6.06504311474189
1124  6.06524078702560
1125  6.06543822639287
1126  6.06563543332589
1127  6.06583240830540
1128  6.06602915181023
1129  6.06622566431845
1130  6.06642194630654
1131  6.06661799826052
1132  6.06681382062787
1133  6.06700941389933
1134  6.06720477854195
1135  6.06739991505084
1136  6.06759482384294
1137  6.06778950547681
1138  6.06798396030792
1139  6.06817818884220
1140  6.06837219152229
1141  6.06856596883069
1142  6.06875952122749
1143  6.06895284914307
1144  6.06914595293032
1145  6.06933883333409
1146  6.06953149065596
1147  6.06972392548496
1148  6.06991613799343
1149  6.07010812877210
1150  6.07029989825751
1151  6.07049144690355
1152  6.07068277516528
1153  6.07087388352162
1154  6.07106477249814
1155  6.07125544227609
1156  6.07144589343041
1157  6.07163612641557
1158  6.07182614167066
1159  6.07201593975095
1160  6.07220552085756
1161  6.07239488554804
1162  6.07258403424709
1163  6.07277296739234
1164  6.07296168541506
1165  6.07315018873019
1166  6.07333847779581
1167  6.07352655304810
1168  6.07371441486796
1169  6.07390206383292
1170  6.07408950015299
1171  6.07427672429084
1172  6.07446373671273
1173  6.07465053783912
1174  6.07483712808960
1175  6.07502350790800
1176  6.07520967764584
1177  6.07539563777341
1178  6.07558138867778
1179  6.07576693079812
1180  6.07595226455516
1181  6.07613739031190
1182  6.07632230835141
1183  6.07650701938958
1184  6.07669152367969
1185  6.07687582162933
1186  6.07705991364393
1187  6.07724380011324
1188  6.07742748146927
1189  6.07761095798869
1190  6.07779423037987
1191  6.07797729872873
1192  6.07816016346416
1193  6.07834282515787
1194  6.07852528411927
1195  6.07870754074330
1196  6.07888959545010
1197  6.07907144857616
1198  6.07925310052776
1199  6.07943455172665
1200  6.07961580256411
1201  6.07979685338963
1202  6.07997770491785
1203  6.08015835703759
1204  6.08033881026224
1205  6.08051906500639
1206  6.08069912155618
1207  6.08087898056028
1208  6.08105864226665
1209  6.08123810704129
1210  6.08141737529459
1211  6.08159644718710
1212  6.08177532348490
1213  6.08195400438848
1214  6.08213249035119
1215  6.08231078156514
1216  6.08248887849402
1217  6.08266678153552
1218  6.08284449100914
1219  6.08302200731084
1220  6.08319933079489
1221  6.08337646185774
1222  6.08355340087390
1223  6.08373014815317
1224  6.08390670410746
1225  6.08408306908786
1226  6.08425924345751
1227  6.08443522762378
1228  6.08461102185640
1229  6.08478662656106
1230  6.08496204209651
1231  6.08513726880664
1232  6.08531230707681
1233  6.08548715724939
1234  6.08566181966628
1235  6.08583629470713
1236  6.08601058271269
1237  6.08618468403514
1238  6.08635859902561
1239  6.08653232806027
1240  6.08670587143726
1241  6.08687922951639
1242  6.08705240270992
1243  6.08722539129944
1244  6.08739819562351
1245  6.08757081603613
1246  6.08774325290616
1247  6.08791550656411
1248  6.08808757735188
1249  6.08825946557985
1250  6.08843117174446
1251  6.08860269593908
1252  6.08877403859597
1253  6.08894520045270
1254  6.08911618099213
1255  6.08928698128210
1256  6.08945760131172
1257  6.08962804151039
1258  6.08979830220953
1259  6.08996838374118
1260  6.09013828643636
1261  6.09030801076237
1262  6.09047755677530
1263  6.09064692492627
1264  6.09081611557157
1265  6.09098512904526
1266  6.09115396567649
1267  6.09132262570717
1268  6.09149110953291
1269  6.09165941746481
1270  6.09182754982515
1271  6.09199550700187
1272  6.09216328918431
1273  6.09233089674771
1274  6.09249833002887
1275  6.09266558934294
1276  6.09283267500420
1277  6.09299958732831
1278  6.09316632661983
1279  6.09333289321863
1280  6.09349928742640
1281  6.09366550959330
1282  6.09383155994196
1283  6.09399743888087
1284  6.09416314658261
1285  6.09432868350299
1286  6.09449404992057
1287  6.09465924612472
1288  6.09482427244536
1289  6.09498912913355
1290  6.09515381654184
1291  6.09531833496345
1292  6.09548268470312
1293  6.09564686606469
1294  6.09581087935102
1295  6.09597472485077
1296  6.09613840289330
1297  6.09630191385840
1298  6.09646525786045
1299  6.09662843529131
1300  6.09679144643752
1301  6.09695429162111
1302  6.09711697120372
1303  6.09727948532798
1304  6.09744183436617
1305  6.09760401861269
1306  6.09776603842002
1307  6.09792789396425
1308  6.09808958559652
1309  6.09825111360856
1310  6.09841247830740
1311  6.09857367994410
1312  6.09873471883783
1313  6.09889559527041
1314  6.09905630953020
1315  6.09921686190427
1316  6.09937725266524
1317  6.09953748212687
1318  6.09969755055133
1319  6.09985745822442
1320  6.10001720543832
1321  6.10017679246693
1322  6.10033621964422
1323  6.10049548743877
1324  6.10065459567921
1325  6.10081354482708
1326  6.10097233511184
1327  6.10113096726736
1328  6.10128944092447
1329  6.10144775666918
1330  6.10160591472679
1331  6.10176391539931
1332  6.10192175895268
1333  6.10207944577866
1334  6.10223697596615
1335  6.10239434984329
1336  6.10255156770439
1337  6.10270862982101
1338  6.10286553645051
1339  6.10302228789059
1340  6.10317888425860
1341  6.10333532610083
1342  6.10349161354742
1343  6.10364774685366
1344  6.10380372631079
1345  6.10395955215051
1346  6.10411522467662
1347  6.10427074418177
1348  6.10442611085104
1349  6.10458132476196
1350  6.10473638661791
1351  6.10489129646447
1352  6.10504605456321
1353  6.10520066120131
1354  6.10535511657535
1355  6.10550942099120
1356  6.10566357470462
1357  6.10581757799178
1358  6.10597143113454
1359  6.10612513410081
1360  6.10627868756783
1361  6.10643209161510
1362  6.10658534649821
1363  6.10673845213467
1364  6.10689140955559
1365  6.10704421847861
1366  6.10719687926497
1367  6.10734939215553
1368  6.10750175740187
1369  6.10765397524585
1370  6.10780604593299
1371  6.10795796974086
1372  6.10810974680165
1373  6.10826137757176
1374  6.10841286219517
1375  6.10856420091971
1376  6.10871539398043
1377  6.10886644167335
1378  6.10901734418031
1379  6.10916810177297
1380  6.10931871469587
1381  6.10946918319559
1382  6.10961950751346
1383  6.10976968788167
1384  6.10991972455206
1385  6.11006961783715
1386  6.11021936758011
1387  6.11036897449584
1388  6.11051843878566
1389  6.11066776058009
1390  6.11081694016505
1391  6.11096597768443
1392  6.11111487340941
1393  6.11126362760396
1394  6.11141224049119
1395  6.11156071230714
1396  6.11170904477386
1397  6.11185723566541
1398  6.11200528566592
1399  6.11215319554516
1400  6.11230096552418
1401  6.11244859586167
1402  6.11259608673737
1403  6.11274343839522
1404  6.11289065109344
1405  6.11303772504896
1406  6.11318466051314
1407  6.11333145770907
1408  6.11347811681258
1409  6.11362463807700
1410  6.11377102175428
1411  6.11391726805953
1412  6.11406337708859
1413  6.11420934931841
1414  6.11435518483088
1415  6.11450088389751
1416  6.11464644688312
1417  6.11479187369504
1418  6.11493716470961
1419  6.11508232014972
1420  6.11522734022597
1421  6.11537222518399
1422  6.11551697518684
1423  6.11566159066356
1424  6.11580607149993
1425  6.11595041812051
1426  6.11609463063671
1427  6.11623870947245
1428  6.11638265460102
1429  6.11652646647299
1430  6.11667014517177
1431  6.11681369092437
1432  6.11695710394285
1433  6.11710038445282
1434  6.11724353270488
1435  6.11738654884538
1436  6.11752943311609
1437  6.11767218573945
1438  6.11781480692540
1439  6.11795729688682
1440  6.11809965583563
1441  6.11824188398386
1442  6.11838398153372
1443  6.11852594871073
1444  6.11866778572266
1445  6.11880949277614
1446  6.11895107007030
1447  6.11909251783045
1448  6.11923383626157
1449  6.11937502315650
1450  6.11951608354539
1451  6.11965701524386
1452  6.11979781853197
1453  6.11993849340860
1454  6.12007904018124
1455  6.12021945907860
1456  6.12035975030978
1457  6.12049991404169
1458  6.12063995049958
1459  6.12077985988931
1460  6.12091964241021
1461  6.12105929825716
1462  6.12119882764599
1463  6.12133823077082
1464  6.12147750783278
1465  6.12161665902029
1466  6.12175568455677
1467  6.12189458462971
1468  6.12203335943851
1469  6.12217200916817
1470  6.12231053404366
1471  6.12244893424931
1472  6.12258720998235
1473  6.12272536143964
1474  6.12286338881764
1475  6.12300129231177
1476  6.12313907210579
1477  6.12327672835010
1478  6.12341426136413
1479  6.12355167127368
1480  6.12368895830703
1481  6.12382612268543
1482  6.12396316446419
1483  6.12410008388848
1484  6.12423688117240
1485  6.12437355650752
1486  6.12451011008489
1487  6.12464654208340
1488  6.12478285271680
1489  6.12491904216326
1490  6.12505511061199
1491  6.12519105809420
1492  6.12532688511400
1493  6.12546259170183
1494  6.12559817804548
1495  6.12573364433196
1496  6.12586899074861
1497  6.12600421748144
1498  6.12613932475484
1499  6.12627431266622
1500  6.12640918146258
1501  6.12654393131687
1502  6.12667856240063
1503  6.12681307538130
1504  6.12694746954127
1505  6.12708174546779
1506  6.12721590337024
1507  6.12734994343116
1508  6.12748386583225
1509  6.12761767077753
1510  6.12775135839147
1511  6.12788492890088
1512  6.12801838247440
1513  6.12815171927875
1514  6.12828493951988
1515  6.12841804336392
1516  6.12855103098952
1517  6.12868390257479
1518  6.12881665828910
1519  6.12894929831391
1520  6.12908182283232
1521  6.12921423199060
1522  6.12934652602592
1523  6.12947870508385
1524  6.12961076934003
1525  6.12974271912680
1526  6.12987455430491
1527  6.13000627524204
1528  6.13013788205266
1529  6.13026937492194
1530  6.13040075403552
1531  6.13053201959311
1532  6.13066317157774
1533  6.13079421069384
1534  6.13092513650778
1535  6.13105594942235
1536  6.13118664962322
1537  6.13131723726241
1538  6.13144771251993
1539  6.13157807556580
1540  6.13170832656942
1541  6.13183846578069
1542  6.13196849323381
1543  6.13209840912324
1544  6.13222821363362
1545  6.13235790695604
1546  6.13248748928452
1547  6.13261696069981
1548  6.13274632142309
1549  6.13287557161732
1550  6.13300471144505
1551  6.13313374107283
1552  6.13326266071833
1553  6.13339147045912
1554  6.13352017047635
1555  6.13364876095247
1556  6.13377724203993
1557  6.13390561392523
1558  6.13403387678672
1559  6.13416203072087
1560  6.13429007594535
1561  6.13441801260952
1562  6.13454584087216
1563  6.13467356091776
1564  6.13480117286226
1565  6.13492867688898
1566  6.13505607315833
1567  6.13518336181843
1568  6.13531054305266
1569  6.13543761709926
1570  6.13556458395439
1571  6.13569144365813
1572  6.13581819673300
1573  6.13594484316396
1574  6.13607138310878
1575  6.13619781672483
1576  6.13632414421817
1577  6.13645033140542
1578  6.13657639717594
1579  6.13670235736773
1580  6.13682821215932
1581  6.13695396169483
1582  6.13707960611611
1583  6.13720514570321
1584  6.13733058039165
1585  6.13745591044227
1586  6.13758113603551
1587  6.13770625727148
1588  6.13783127433033
1589  6.13795618736498
1590  6.13808099652780
1591  6.13820570198166
1592  6.13833030374630
1593  6.13845480220580
1594  6.13857919738720
1595  6.13870348949706
1596  6.13882767862461
1597  6.13895176492926
1598  6.13907574857126
1599  6.13919962970022
1600  6.13932340846550
1601  6.13944708501581
1602  6.13957065948897
1603  6.13969413205641
1604  6.13981750285459
1605  6.13994077201812
1606  6.14006393971645
1607  6.14018700608783
1608  6.14030997136311
1609  6.14043283552175
1610  6.14055559879362
1611  6.14067826132455
1612  6.14080082326028
1613  6.14092328474149
1614  6.14104564593837
1615  6.14116790696001
1616  6.14129006794151
1617  6.14141212905549
1618  6.14153409046416
1619  6.14165595231196
1620  6.14177771469693
1621  6.14189937778503
1622  6.14202094187662
1623  6.14214240679849
1624  6.14226377285042
1625  6.14238504017435
1626  6.14250620890040
1627  6.14262727924215
1628  6.14274825123050
1629  6.14286912504257
1630  6.14298990084450
1631  6.14311057876338
1632  6.14323115893923
1633  6.14335164151156
1634  6.14347202660268
1635  6.14359231433124
1636  6.14371250492723
1637  6.14383259847560
1638  6.14395259541718
1639  6.14407249528350
1640  6.14419229851534
1641  6.14431200523693
1642  6.14443161561101
1643  6.14455112978856
1644  6.14467054785250
1645  6.14478986996543
1646  6.14490909626350
1647  6.14502822692165
1648  6.14514726192001
1649  6.14526620158593
1650  6.14538504596592
1651  6.14550379521820
1652  6.14562244941263
1653  6.14574100878527
1654  6.14585947342367
1655  6.14597784345816
1656  6.14609611902143
1657  6.14621430024677
1658  6.14633238726706
1659  6.14645038021414
1660  6.14656827922064
1661  6.14668608433986
1662  6.14680379584864
1663  6.14692141382261
1664  6.14703893837176
1665  6.14715636964448
1666  6.14727370776717
1667  6.14739888205472
1668  6.14751603890115
1669  6.14763310318749
1670  6.14775007474051
1671  6.14786695388807
1672  6.14798374067954
1673  6.14810043521108
1674  6.14821703760526
1675  6.14833354802060
1676  6.14844996656380
1677  6.14856629337907
1678  6.14868252861287
1679  6.14879867239335
1680  6.14891472477093
1681  6.14903068592224
1682  6.14914655597358
1683  6.14926233524942
1684  6.14937802347901
1685  6.14949362098677
1686  6.14960912788640
1687  6.14972454456271
1688  6.14983987100252
1689  6.14995510720691
1690  6.15007025332596
1691  6.15018530947176
1692  6.15030027584358
1693  6.15041515243951
1694  6.15052993940676
1695  6.15064463689446
1696  6.15075924502599
1697  6.15087376392370
1698  6.15098819369868
1699  6.15110253452563
1700  6.15121678646661
1701  6.15133094963943
1702  6.15144502422153
1703  6.15155901028858
1704  6.15167290796778
1705  6.15178671738677
1706  6.15190043866589
1707  6.15201407191813
1708  6.15212761728945
1709  6.15224107485783
1710  6.15235444475814
1711  6.15246772712449
1712  6.15258092207282
1713  6.15269402970654
1714  6.15280705016995
1715  6.15291998356927
1716  6.15303283002172
1717  6.15314558964625
1718  6.15325826256046
1719  6.15337084888157
1720  6.15348334872723
1721  6.15359576221465
1722  6.15370808946025
1723  6.15382033056982
1724  6.15393248568233
1725  6.15404455489010
1726  6.15415653833483
1727  6.15426843611902
1728  6.15438024835831
1729  6.15449197564289
1730  6.15460361713877
1731  6.15471517343502
1732  6.15482664464648
1733  6.15493803096442
1734  6.15504933234911
1735  6.15516054898003
1736  6.15527168099440
1737  6.15538272848444
1738  6.15549369160208
1739  6.15560457041160
1740  6.15571536504565
1741  6.15582607561713
1742  6.15593670223813
1743  6.15604724502100
1744  6.15615770428876
1745  6.15626807973218
1746  6.15637837167312
1747  6.15648858022255
1748  6.15659870548056
1749  6.15670874758112
1750  6.15681870661070
1751  6.15692858287405
1752  6.15703837613176
1753  6.15714808666309
1754  6.15725771461680
1755  6.15736726002309
1756  6.15747672303135
1757  6.15758610374127
1758  6.15769540227014
1759  6.15780461872878
1760  6.15791375321451
1761  6.15802280585911
1762  6.15813177674898
1763  6.15824066600870
1764  6.15834947377020
1765  6.15845820008283
1766  6.15856684526340
1767  6.15867540905622
1768  6.15878389174989
1769  6.15889229346766
1770  6.15900061428845
1771  6.15910885432378
1772  6.15921701368596
1773  6.15932509246938
1774  6.15943309080322
1775  6.15954100876884
1776  6.15964884649679
1777  6.15975660415394
1778  6.15986428169679
1779  6.15997187930487
1780  6.16007939708278
1781  6.16018683513481
1782  6.16029419356198
1783  6.16040147219013
1784  6.16050867142799
1785  6.16061579143506
1786  6.16072283228314
1787  6.16082979403981
1788  6.16093667685578
1789  6.16104348072999
1790  6.16115020511718
1791  6.16125685151568
1792  6.16136341945726
1793  6.16146990879490
1794  6.16157631975937
1795  6.16168265244655
1796  6.16178890696068
1797  6.16189508338088
1798  6.16200118181353
1799  6.16210720237572
1800  6.16221314516477
1801  6.16231901031282
1802  6.16242479784414
1803  6.16253050779968
1804  6.16263614049519
1805  6.16274169591471
1806  6.16284717414062
1807  6.16295257530652
1808  6.16305789949499
1809  6.16316314681479
1810  6.16326831717198
1811  6.16337341082359
1812  6.16347842783463
1813  6.16358336871752
1814  6.16368823304340
1815  6.16379302098227
1816  6.16389773277784
1817  6.16400236852074
1818  6.16410692831067
1819  6.16421141224835
1820  6.16431582043064
1821  6.16442015255188
1822  6.16452440934730
1823  6.16462859070773
1824  6.16473269655562
1825  6.16483672710995
1826  6.16494068226509
1827  6.16504456246203
1828  6.16514836767242
1829  6.16525209792223
1830  6.16535575335032
1831  6.16545933402041
1832  6.16556284005613
1833  6.16566627156229
1834  6.16576962857923
1835  6.16587291122907
1836  6.16597611964169
1837  6.16607925383691
1838  6.16618231397661
1839  6.16628530012229
1840  6.16638821238312
1841  6.16649105076672
1842  6.16659381551355
1843  6.16669650665051
1844  6.16679912425457
1845  6.16690166847456
1846  6.16700413938434
1847  6.16710653699064
1848  6.16720886144579
1849  6.16731111287232
1850  6.16741329130340
1851  6.16751539687192
1852  6.16761742968155
1853  6.16771938977625
1854  6.16782127695576
1855  6.16792309194752
1856  6.16802483454081
1857  6.16812650480604
1858  6.16822810273005
1859  6.16832962859119
1860  6.16843108201060
1861  6.16853246390270
1862  6.16863377388901
1863  6.16873501210111
1864  6.16883617862208
1865  6.16893727350620
1866  6.16903829694141
1867  6.16913924891600
1868  6.16924012955593
1869  6.16934093898468
1870  6.16944167722941
1871  6.16954234437330
1872  6.16964294057026
1873  6.16974346579439
1874  6.16984392030522
1875  6.16994430407117
1876  6.17004461717397
1877  6.17014485979204
1878  6.17024503189647
1879  6.17034513400055
1880  6.17044516547095
1881  6.17054512679563
1882  6.17064501799821
1883  6.17074483915464
1884  6.17084459040535
1885  6.17094427180312
1886  6.17104388344160
1887  6.17114342541330
1888  6.17124289778293
1889  6.17134230064366
1890  6.17144163410735
1891  6.17154063657897
1892  6.17163937935042
1893  6.17173805277178
1894  6.17183665699422
1895  6.17193519200191
1896  6.17203365793224
1897  6.17213205486595
1898  6.17223038284886
1899  6.17233768479042
1900  6.17243587988718
1901  6.17253400656593
1902  6.17263206456176
1903  6.17273005408905
1904  6.17282797519953
1905  6.17292686425540
1906  6.17302494898832
1907  6.17311620891002
1908  6.17321533247035
1909  6.17331438701402
1910  6.17341337287918
1911  6.17351229008487
1912  6.17361113872745
1913  6.17370991889189
1914  6.17380863066950
1915  6.17389587988715
1916  6.17399668726598
1917  6.17409476307772
1918  6.17419173525121
1919  6.17428864028255
1920  6.17438547825693
1921  6.17448224918888
1922  6.17457895322452
1923  6.17468291719399
1924  6.17478132431104
1925  6.17487783285562
1926  6.17497427483810
1927  6.17507065029466
1928  6.17516695931678
1929  6.17526320204134
1930  6.17535937857916
1931  6.17545558540568
1932  6.17555206980988
1933  6.17564849734663
1934  6.17574485910735
1935  6.17584115513505
1936  6.17593738562760
1937  6.17603355050278
1938  6.17612964984823
1939  6.17622568383560
1940  6.17632165250522
1941  6.17641755588580
1942  6.17651339415486
1943  6.17660916731951
1944  6.17670487548324
1945  6.17680051870399
1946  6.17689609710966
1947  6.17699161072604
1948  6.17708705966555
1949  6.17718244395688
1950  6.17727776371109
1951  6.17737301903197
1952  6.17746820994583
1953  6.17756333655492
1954  6.17765839894888
1955  6.17775339717717
1956  6.17784821489693
1957  6.17794304487531
1958  6.17803785102903
1959  6.17813259332361
1960  6.17822727182908
1961  6.17832188666837
1962  6.17841643797305
1963  6.17851092564369
1964  6.17860534981835
1965  6.17869971061728
1966  6.17879400811474
1967  6.17888824235861
1968  6.17898241339549
1969  6.17907652137958
1970  6.17917056627789
1971  6.17926454826536
1972  6.17935846733851
1973  6.17945232363670
1974  6.17954611722781
1975  6.17963984816743
1976  6.17973351650790
1977  6.17982712234769
1978  6.17992066577554
1979  6.18001414683661
1980  6.18010756558494
1981  6.18020092216343
1982  6.18029421660404
1983  6.18038744898106
1984  6.18048061933755
1985  6.18057372793708
1986  6.18066677460310
1987  6.18075975945208
1988  6.18085268258215
1989  6.18094554406944
1990  6.18103834420597
1991  6.18113108272618
1992  6.18122375977459
1993  6.18131637550018
1994  6.18140892993593
1995  6.18150142319554
1996  6.18159385531072
1997  6.18168622638956
1998  6.18177853645131
1999  6.18187078564737
2000  6.18196297396326
2001  6.18205510153435
2002  6.18214716839480
2003  6.18223917461484
2004  6.18233112030361
2005  6.18242300549816
2006  6.18251483027465
2007  6.18260659470305
2008  6.18269829881287
2009  6.18278994275523
2010  6.18288152655950
2011  6.18297305028613
2012  6.18306451401141
2013  6.18315591776096
2014  6.18324726170641
2015  6.18333854586071
2016  6.18342977029335
2017  6.18352093505476
2018  6.18361204022742
2019  6.18370308590706
2020  6.18379407213926
2021  6.18388499897482
2022  6.18397586651893
2023  6.18406667479948
2024  6.18415742418776
2025  6.18424811429128
2026  6.18433874524529
2027  6.18442931724946
2028  6.18451983033215
2029  6.18461028461310
2030  6.18470068017968
2031  6.18479101695718
2032  6.18488129514045
2033  6.18497151475803
2034  6.18506167585526
2035  6.18515177863223
2036  6.18524182295739
2037  6.18533180898540
2038  6.18542173676446
2039  6.18551160637608
2040  6.18560141792465
2041  6.18569117141710
2042  6.18578086695694
2043  6.18587050459557
2044  6.18596008413704
2045  6.18604960614591
2046  6.18613907047642
2047  6.18622847714858
2048  6.18631782626357
2049  6.18640711788380
2050  6.18649635204223
2051  6.18658552884945
2052  6.18667464834827
2053  6.18676371060350
2054  6.18685271566882
2055  6.18694166381677
2056  6.18703055476880
2057  6.18711938860845
2058  6.18720816527066
2059  6.18729688509764
2060  6.18738554807393
2061  6.18747415439795
2062  6.18756270713956
2063  6.18765120027336
2064  6.18773963689360
2065  6.18782801706432
2066  6.18791634084927
2067  6.18800460815408
2068  6.18809281929146
2069  6.18818097429844
2070  6.18826907312289
2071  6.18835711592699
2072  6.18844510269759
2073  6.18853303355175
2074  6.18862090852585
2075  6.18870872768066
2076  6.18879649108057
2077  6.18888419881141
2078  6.18897185088760
2079  6.18905944739305
2080  6.18914698838716
2081  6.18923447394305
2082  6.18932190410176
2083  6.18940927895219
2084  6.18949659853248
2085  6.18958386292767
2086  6.18967106913514
2087  6.18975822332113
2088  6.18984532249624
2089  6.18993236671971
2090  6.19001935605367
2091  6.19010629032657
2092  6.19019316962496
2093  6.19027999444409
2094  6.19036676450296
2095  6.19045347988005
2096  6.19054014069432
2097  6.19062674700816
2098  6.19071329875243
2099  6.19079979630480
2100  6.19088623956549
2101  6.19097262859153
2102  6.19105896344431
2103  6.19114524418181
2104  6.19123147063673
2105  6.19131764332532
2106  6.19140376203485
2107  6.19148982684305
2108  6.19157583782685
2109  6.19166179507597
2110  6.19174769859071
2111  6.19183354844845
2112  6.19191934473090
2113  6.19200508747281
2114  6.19209077675942
2115  6.19217641266098
2116  6.19226199518698
2117  6.19234752442096
2118  6.19243300042061
2119  6.19251842324527
2120  6.19260379295336
2121  6.19268910960346
2122  6.19277437329667
2123  6.19285958400523
2124  6.19294474183058
2125  6.19302984682880
2126  6.19311489904768
2127  6.19319989856746
2128  6.19328484542214
2129  6.19336973969500
2130  6.19345458143090
2131  6.19353937068646
2132  6.19362410751871
2133  6.19370879198527
2134  6.19379342399532
2135  6.19387800385197
2136  6.19396253156450
2137  6.19404700714065
2138  6.19413143063639
2139  6.19421580210767
2140  6.19430012161113
2141  6.19438438919287
2142  6.19446860491923
2143  6.19455276886034
2144  6.19463688105937
2145  6.19472094157463
2146  6.19480495045915
2147  6.19488890779868
2148  6.19497281359175
2149  6.19505666792392
2150  6.19514047084988
2151  6.19522422242596
2152  6.19530792270849
2153  6.19539157177500
2154  6.19547516963326
2155  6.19555871635163
2156  6.19564221200675
2157  6.19572565662758
2158  6.19580905029809
2159  6.19589239306851
2160  6.19597568498121
2161  6.19605892609151
2162  6.19614211645893
2163  6.19622525619079
2164  6.19630834523436
2165  6.19639138369835
2166  6.19647437163726
2167  6.19655730910541
2168  6.19664019615520
2169  6.19672303284203
2170  6.19680581920843
2171  6.19688855533153
2172  6.19697124124129
2173  6.19705387701637
2174  6.19713646269846
2175  6.19721899834796
2176  6.19730148400584
2177  6.19738391972876
2178  6.19746630555694
2179  6.19754864164961
2180  6.19763092789371
2181  6.19771316432295
2182  6.19779535114906
2183  6.19787748839378
2184  6.19795957607768
2185  6.19804161424193
2186  6.19812360299089
2187  6.19820554229615
2188  6.19828743226474
2189  6.19836927293551
2190  6.19845106436159
2191  6.19853280665584
2192  6.19861449975476
2193  6.19869614376709
2194  6.19877773873809
2195  6.19885929680473
2196  6.19894079386091
2197  6.19902224203741
2198  6.19910364138513
2199  6.19918499201571
2200  6.19926464222166
2201  6.19933702642348
2202  6.19941822624435
2203  6.19949937736270
2204  6.19958047996142
2205  6.19966153409225
2206  6.19974253980375
2207  6.19982349714865
2208  6.19990440617865
2209  6.19998526694539
2210  6.20006607949944
2211  6.20014684389113
2212  6.20022756017072
2213  6.20030822838949
2214  6.20038884859851
2215  6.20046942083590
2216  6.20054994456125
2217  6.20063042103545
2218  6.20071084982203
2219  6.20079123073478
2220  6.20087156393878
2221  6.20095184949411
2222  6.20103208743113
2223  6.20111227780987
2224  6.20119242068006
2225  6.20127251609079
2226  6.20135256412120
2227  6.20143256476297
2228  6.20151251809370
2229  6.20159242416396
2230  6.20167228302190
2231  6.20175209473094
2232  6.20183185930098
2233  6.20191157687362
2234  6.20199124737694
2235  6.20207087091479
2236  6.20215044753563
2237  6.20222997728818
2238  6.20230946022126
2239  6.20238889638291
2240  6.20246828582281
2241  6.20254762858863
2242  6.20262692472951
2243  6.20270617429387
2244  6.20278537732954
2245  6.20286453389478
2246  6.20294364400742
2247  6.20302271062533
2248  6.20310172901029
2249  6.20318070013006
2250  6.20325962500761
2251  6.20333850369299
2252  6.20341733623430
2253  6.20349612267869
2254  6.20357486307461
2255  6.20365355746854
2256  6.20373220590849
2257  6.20381080844221
2258  6.20388936511684
2259  6.20396787597942
2260  6.20404634107702
2261  6.20412476044595
2262  6.20420313419963
2263  6.20428146227342
2264  6.20435974478389
2265  6.20443798176457
2266  6.20451617373455
2267  6.20459431994911
2268  6.20467242062099
2269  6.20475047595033
2270  6.20482848598279
2271  6.20490645078967
2272  6.20498437036853
2273  6.20506224479008
2274  6.20514007410765
2275  6.20521785835598
2276  6.20529559763775
2277  6.20537329198546
2278  6.20545094141762
2279  6.20552854595636
2280  6.20560610567240
2281  6.20568362059914
2282  6.20576109078193
2283  6.20583851626627
2284  6.20591589709873
2285  6.20599323332401
2286  6.20607052498755
2287  6.20614777214148
2288  6.20622497481951
2289  6.20630213306977
2290  6.20637924693935
2291  6.20645631647368
2292  6.20653334170913
2293  6.20661032267675
2294  6.20668725945280
2295  6.20676415209560
2296  6.20684100062782
2297  6.20691780510111
2298  6.20699456554850
2299  6.20707128201614
2300  6.20714795455178
2301  6.20722458319965
2302  6.20730116800378
2303  6.20737770900880
2304  6.20745420625898
2305  6.20753066019055
2306  6.20760706681840
2307  6.20768343310767
2308  6.20775975568241
2309  6.20783603479077
2310  6.20791227042471
2311  6.20798846262514
2312  6.20806461144042
2313  6.20814071688439
2314  6.20821677895683
2315  6.20829279780715
2316  6.20836877342846
2317  6.20844470586515
2318  6.20852059498579
2319  6.20859644119110
2320  6.20867224433254
2321  6.20874800446198
2322  6.20882372162220
2323  6.20889939585657
2324  6.20897502719728
2325  6.20905061571676
2326  6.20912616141635
2327  6.20920166437692
2328  6.20927712462686
2329  6.20935254220741
2330  6.20942791716274
2331  6.20950324953425
2332  6.20957853936448
2333  6.20965378677960
2334  6.20972899165559
2335  6.20980415416222
2336  6.20987927425298
2337  6.20995435201518
2338  6.21002938748996
2339  6.21010438072708
2340  6.21017933174461
2341  6.21025424061062
2342  6.21032910734520
2343  6.21040393202461
2344  6.21047871465920
2345  6.21055343899405
2346  6.21062809335821
2347  6.21070270571787
2348  6.21077727611379
2349  6.21085180472470
2350  6.21092629135458
2351  6.21100073610838
2352  6.21107513906438
2353  6.21114950026380
2354  6.21122381977351
2355  6.21129809758406
2356  6.21137233375074
2357  6.21144652833741
2358  6.21152068136090
2359  6.21159479289637
2360  6.21166886296153
2361  6.21174289159423
2362  6.21181687883732
2363  6.21189082473478
2364  6.21196472932662
2365  6.21203859265365
2366  6.21211241475684
2367  6.21218619567578
2368  6.21225993545188
2369  6.21233363412573
2370  6.21240729173658
2371  6.21248090840038
2372  6.21255448402222
2373  6.21262801869107
2374  6.21270151253679
2375  6.21277496541340
2376  6.21284837746913
2377  6.21292174876165
2378  6.21299507929358
2379  6.21306836912457
2380  6.21314161834871
2381  6.21321482689556
2382  6.21328799486004
2383  6.21336112228207
2384  6.21343420920085
2385  6.21350725565576
2386  6.21358026168648
2387  6.21365322733222
2388  6.21372615262113
2389  6.21379903761052
2390  6.21387188231756
2391  6.21394468683935
2392  6.21401745114359
2393  6.21409017530531
2394  6.21416285935228
2395  6.21423550333457
2396  6.21430810727603
2397  6.21438067124844
2398  6.21445319524168
2399  6.21452567931934
2400  6.21459812351961
2401  6.21467052788119
2402  6.21474289244286
2403  6.21481521724352
2404  6.21488750252309
2405  6.21495974791379
2406  6.21503195364958
2407  6.21510411978967
2408  6.21517624636120
2409  6.21524833340853
2410  6.21532038095853
2411  6.21539238909527
2412  6.21546435777735
2413  6.21553628707680
2414  6.21560817703240
2415  6.21568002768511
2416  6.21575183907353
2417  6.21582361123480
2418  6.21589534420640
2419  6.21596703802709
2420  6.21603869273402
2421  6.21611030835298
2422  6.21618188494482
2423  6.21625342252264
2424  6.21632492114946
2425  6.21639638085921
2426  6.21646780167055
2427  6.21653918362993
2428  6.21661052677464
2429  6.21668183114879
2430  6.21675309677836
2431  6.21682432370245
2432  6.21689551196036
2433  6.21696666158975
2434  6.21703777262670
2435  6.21710884513788
2436  6.21717987910124
2437  6.21725087457207
2438  6.21732183160975
2439  6.21739275022662
2440  6.21746363026588
2441  6.21753447219843
2442  6.21760527582347
2443  6.21767604118591
2444  6.21774676850951
2445  6.21781745745281
2446  6.21788810825266
2447  6.21795872092727
2448  6.21802929552220
2449  6.21809983207322
2450  6.21817033061638
2451  6.21824079118831
2452  6.21831121382412
2453  6.21838159856082
2454  6.21845194542262
2455  6.21852225446798
2456  6.21859252571805
2457  6.21866275927069
2458  6.21873295504728
2459  6.21880311313966
2460  6.21887323368287
2461  6.21894331654724
2462  6.21901336180833
2463  6.21908336951852
2464  6.21915333972148
2465  6.21922327245329
2466  6.21929316774923
2467  6.21936302564508
2468  6.21943284617600
2469  6.21950262937670
2470  6.21957237528187
2471  6.21964208392572
2472  6.21971175534700
2473  6.21978138956554
2474  6.21985098664172
2475  6.21992054631078
2476  6.21999006918233
2477  6.22005955500473
2478  6.22012900382085
2479  6.22019841567682
2480  6.22026779055735
2481  6.22033712852709
2482  6.22040642962011
2483  6.22047569387141
2484  6.22054492134107
2485  6.22061411201275
2486  6.22068326595557
2487  6.22075238318493
2488  6.22082146373277
2489  6.22089050769249
2490  6.22095951501201
2491  6.22102848576808
2492  6.22109741999066
2493  6.22116631772165
2494  6.22123517898188
2495  6.22130400380255
2496  6.22137279222648
2497  6.22144154428723
2498  6.22151026010502
2499  6.22157893954310
2500  6.22164758272961
2501  6.22171618967950
2502  6.22178476043512
2503  6.22185329503157
2504  6.22192179349269
2505  6.22199025624913
2506  6.22205868255782
2507  6.22212707284628
2508  6.22219542714619
2509  6.22226374549534
2510  6.22233202769531
2511  6.22240027371780
2512  6.22246848438229
2513  6.22253665922059
2514  6.22260479826604
2515  6.22267290156188
2516  6.22274096912123
2517  6.22280900098811
2518  6.22287699719466
2519  6.22294495777318
2520  6.22301288275777
2521  6.22308077213151
2522  6.22314862602225
2523  6.22321644441147
2524  6.22328422738174
2525  6.22335197488623
2526  6.22341968699257
2527  6.22348736373410
2528  6.22355500514309
2529  6.22362261128572
2530  6.22369018212628
2531  6.22375771773150
2532  6.22382521813376
2533  6.22389268379441
2534  6.22396011403519
2535  6.22402750902328
2536  6.22409486893743
2537  6.22416219386716
2538  6.22422948373132
2539  6.22429673861137
2540  6.22436395854858
2541  6.22443114367856
2542  6.22449829378203
2543  6.22456540906917
2544  6.22463248954717
2545  6.22469953523732
2546  6.22476654617373
2547  6.22483352238856
2548  6.22490046391268
2549  6.22496737077862
2550  6.22503424301771
2551  6.22510108066100
2552  6.22516788374045
2553  6.22523465228792
2554  6.22530138634271
2555  6.22536808591953
2556  6.22543475104711
2557  6.22550138178683
2558  6.22556797813352
2559  6.22563454014735
2560  6.22570106784809
2561  6.22576756126694
2562  6.22583402043576
2563  6.22590044538528
2564  6.22596678794523
2565  6.22603314453667
2566  6.22609946700039
2567  6.22616575536907
2568  6.22623200967373
2569  6.22629822995303
2570  6.22636441629661
2571  6.22643056859266
2572  6.22649668697641
2573  6.22656277141659
2574  6.22662882198215
2575  6.22669483871154
2576  6.22676082160955
2577  6.22682677061634
2578  6.22689268593320
2579  6.22695856755853
2580  6.22702441548697
2581  6.22709022975001
2582  6.22715601037670
2583  6.22722175740623
2584  6.22728747085206
2585  6.22735315075969
2586  6.22741879714824
2587  6.22748441005058
2588  6.22754998949741
2589  6.22761553539869
2590  6.22768104802625
2591  6.22774652727828
2592  6.22781197320707
2593  6.22787738581884
2594  6.22794276516860
2595  6.22800811127475
2596  6.22807342416570
2597  6.22813870368842
2598  6.22820395024745
2599  6.22826916368074
2600  6.22833434400953
2601  6.22839949130104
2602  6.22846460557700
2603  6.22852968684634
2604  6.22859473513802
2605  6.22865975048139
2606  6.22872473290561
2607  6.22878968244010
2608  6.22885459910295
2609  6.22891948294686
2610  6.22898433397947
2611  6.22904915224403
2612  6.22911393777733
2613  6.22917869059760
2614  6.22924341072374
2615  6.22930809819434
2616  6.22937275303810
2617  6.22943737531396
2618  6.22950196499190
2619  6.22956652218731
2620  6.22963104681429
2621  6.22969553895966
2622  6.22975999867722
2623  6.22982442594558
2624  6.22988882081822
2625  6.22995318332455
2626  6.23001751348803
2627  6.23008181135861
2628  6.23014607692470
2629  6.23021031025104
2630  6.23027451133948
2631  6.23033868024216
2632  6.23040281698391
2633  6.23046692158681
2634  6.23053099408099
2635  6.23059503449374
2636  6.23065904285262
2637  6.23072301918796
2638  6.23078696352611
2639  6.23085087589593
2640  6.23091475633349
2641  6.23097860486209
2642  6.23104242149723
2643  6.23110620627691
2644  6.23116995921697
2645  6.23123368036914
2646  6.23129736951831
2647  6.23136102715524
2648  6.23142465307718
2649  6.23148824731106
2650  6.23155180988490
2651  6.23161534082692
2652  6.23167884016457
2653  6.23174230797035
2654  6.23180574419062
2655  6.23186914888909
2656  6.23193252208579
2657  6.23199586381585
2658  6.23205917435580
2659  6.23212245323689
2660  6.23218570073475
2661  6.23224891687703
2662  6.23231210167882
2663  6.23237525519098
2664  6.23243837744674
2665  6.23250146843849
2666  6.23256452821083
2667  6.23262755679840
2668  6.23269055422672
2669  6.23275352054969
2670  6.23281645574185
2671  6.23287935984371
2672  6.23294223288980
2673  6.23300507490630
2674  6.23306788592056
2675  6.23313066602555
2676  6.23319341513983
2677  6.23325613330988
2678  6.23331882058558
2679  6.23338147699464
2680  6.23344410255163
2681  6.23350669757619
2682  6.23356926152988
2683  6.23363179469570
2684  6.23369429706851
2685  6.23375676873997
2686  6.23381921033411
2687  6.23388162068851
2688  6.23394400042549
2689  6.23400634957277
2690  6.23406866815592
2691  6.23413095620180
2692  6.23419321373586
2693  6.23425544089836
2694  6.23431763749579
2695  6.23437980365767
2696  6.23444193941697
2697  6.23450404479224
2698  6.23456611980109
2699  6.23462816449475
2700  6.23469017887437
2701  6.23475216299208
2702  6.23481411626114
2703  6.23487603990677
2704  6.23493793341357
2705  6.23499979663269
2706  6.23506162964723
2707  6.23512343253326
2708  6.23518520532630
2709  6.23524694803331
2710  6.23530866069753
2711  6.23537034332759
2712  6.23543199595887
2713  6.23549361864637
2714  6.23555521135620
2715  6.23561677414314
2716  6.23567830702282
2717  6.23573981004201
2718  6.23580128324174
2719  6.23586272658363
2720  6.23592414014320
2721  6.23598552406684
2722  6.23604687811455
2723  6.23610820244528
2724  6.23616949762165
2725  6.23623076259172
2726  6.23629199792106
2727  6.23635320363343
2728  6.23641437975444
2729  6.23647552632598
2730  6.23653664334551
2731  6.23659773084441
2732  6.23665878873931
2733  6.23671981728272
2734  6.23678081639322
2735  6.23684178607268
2736  6.23690272637059
2737  6.23696363729124
2738  6.23702451889241
2739  6.23708537121723
2740  6.23714619419794
2741  6.23720698790977
2742  6.23726775237977
2743  6.23732848763374
2744  6.23738919369725
2745  6.23744987059425
2746  6.23751051834994
2747  6.23757113698798
2748  6.23763172654292
2749  6.23769228702206
2750  6.23775281845805
2751  6.23781332088175
2752  6.23787379430758
2753  6.23793423847316
2754  6.23799465398270
2755  6.23805504053051
2756  6.23811539821115
2757  6.23817572703342
2758  6.23823602700875
2759  6.23829629816037
2760  6.23835654051430
2761  6.23841675410236
2762  6.23847693896275
2763  6.23853709506705
2764  6.23859722246936
2765  6.23865732120240
2766  6.23871739127431
2767  6.23877743274329
2768  6.23883744558144
2769  6.23889742983934
2770  6.23895738554052
2771  6.23901731270756
2772  6.23907721135428
2773  6.23913708152795
2774  6.23919692323747
2775  6.23925673651358
2776  6.23931652137646
2777  6.23937627784914
2778  6.23943600595631
2779  6.23949570567653
2780  6.23955537712344
2781  6.23961502027586
2782  6.23967463515798
2783  6.23973422179234
2784  6.23979378020414
2785  6.23985331041513
2786  6.23991281245089
2787  6.23997228633969
2788  6.24003173209592
2789  6.24009114974391
2790  6.24015053930898
2791  6.24020990080346
2792  6.24026923434042
2793  6.24032853978719
2794  6.24038781725686
2795  6.24044706676221
2796  6.24050628832508
2797  6.24056548196982
2798  6.24062464771801
2799  6.24068378559458
2800  6.24074289562500
2801  6.24080197783977
2802  6.24086103224249
2803  6.24092005886507
2804  6.24097905773183
2805  6.24103802886473
2806  6.24109697204883
2807  6.24115588778061
2808  6.24121477584398
2809  6.24127363626483
2810  6.24133246906006
2811  6.24139127426666
2812  6.24145005191816
2813  6.24150880200230
2814  6.24156752456713
2815  6.24162621961948
2816  6.24168488718911
2817  6.24174352731951
2818  6.24180214000026
2819  6.24186072526321
2820  6.24191928313301
2821  6.24197781363456
2822  6.24203631679066
2823  6.24209479262386
2824  6.24215324115553
2825  6.24221166240878
2826  6.24227005640605
2827  6.24232842317910
2828  6.24238676299415
2829  6.24244507574478
2830  6.24250336094401
2831  6.24256161898717
2832  6.24261984992076
2833  6.24267805376330
2834  6.24273623052102
2835  6.24279438022430
2836  6.24285250305246
2837  6.24291059871288
2838  6.24296866738523
2839  6.24302670909226
2840  6.24308472386325
2841  6.24314271170457
2842  6.24320067264594
2843  6.24325860681720
2844  6.24331651402565
2845  6.24337439439955
2846  6.24343224797031
2847  6.24349007474243
2848  6.24354787473655
2849  6.24360564799585
2850  6.24366339451843
2851  6.24372111435134
2852  6.24377880750307
2853  6.24383647400360
2854  6.24389411386237
2855  6.24395172710407
2856  6.24400931375232
2857  6.24406687382826
2858  6.24412440735421
2859  6.24418191435120
2860  6.24423939484994
2861  6.24429684885542
2862  6.24435427639691
2863  6.24441167751941
2864  6.24446905220609
2865  6.24452640050458
2866  6.24458372250275
2867  6.24464101804514
2868  6.24469828725516
2869  6.24475553017832
2870  6.24481274676999
2871  6.24486993710412
2872  6.24492710118785
2873  6.24498423905211
2874  6.24504135070083
2875  6.24509843616397
2876  6.24515549546209
2877  6.24521252861740
2878  6.24526953565034
2879  6.24532651658171
2880  6.24538347144235
2881  6.24544040023510
2882  6.24549730298899
2883  6.24555417978579
2884  6.24561103052668
2885  6.24566785528985
2886  6.24572465409308
2887  6.24578142697141
2888  6.24583817393516
2889  6.24589489499547
2890  6.24595159019749
2891  6.24600825955096
2892  6.24606490307566
2893  6.24612152080179
2894  6.24617811273154
2895  6.24623467889445
2896  6.24629121931261
2897  6.24634773400563
2898  6.24640422299407
2899  6.24646068629612
2900  6.24651712394400
2901  6.24657353594028
2902  6.24662992231617
2903  6.24668628308970
2904  6.24674261828319
2905  6.24679890343353
2906  6.24685518751962
2907  6.24691144610722
2908  6.24696767917760
2909  6.24702388675644
2910  6.24708006889147
2911  6.24713622558856
2912  6.24719235667596
2913  6.24724846269316
2914  6.24730454320009
2915  6.24736059835090
2916  6.24741662819606
2917  6.24747263269489
2918  6.24752861189767
2919  6.24758456583415
2920  6.24764049455484
2921  6.24769639801909
2922  6.24775227624118
2923  6.24780812926910
2924  6.24786395712184
2925  6.24791975981246
2926  6.24797553737347
2927  6.24803128983057
2928  6.24808701717249
2929  6.24814271945209
2930  6.24819839667687
2931  6.24825404886638
2932  6.24830967605099
2933  6.24836527823154
2934  6.24842085543640
2935  6.24847640773929
2936  6.24853193505260
2937  6.24858743745081
2938  6.24864291495251
2939  6.24869836757751
2940  6.24875379535354
2941  6.24880919828580
2942  6.24886457640004
2943  6.24891992971722
2944  6.24897525825583
2945  6.24903056203402
2946  6.24908584107587
2947  6.24914109539764
2948  6.24919632520805
2949  6.24925153021866
2950  6.24930671050026
2951  6.24936186614030
2952  6.24941699715809
2953  6.24947210357969
2954  6.24952718541512
2955  6.24958224268433
2956  6.24963727540950
2957  6.24969228360911
2958  6.24974726730953
2959  6.24980222652012
2960  6.24985716126154
2961  6.24991207155437
2962  6.24996695741879
2963  6.25002181887350
2964  6.25007665593816
2965  6.25013146862122
2966  6.25018625696252
2967  6.25024102097939
2968  6.25029576048802
2969  6.25035047586139
2970  6.25040516698728
2971  6.25045983385573
2972  6.25051447649632
2973  6.25056909490999
2974  6.25062368914996
2975  6.25067825918349
2976  6.25073280511428
2977  6.25078732684316
2978  6.25084182444737
2979  6.25089629794813
2980  6.25095074737096
2981  6.25100517271785
2982  6.25105957401632
2983  6.25111395128450
2984  6.25116830454197
2985  6.25122263380437
2986  6.25127693909621
2987  6.25133122043391
2988  6.25138547782300
2989  6.25143971130656
2990  6.25149392089157
2991  6.25154810659576
2992  6.25160226843915
2993  6.25165640644594
2994  6.25171052062356
2995  6.25176461099306
2996  6.25181867757476
2997  6.25187272038871
2998  6.25192673941665
2999  6.25198073474783
3000  6.25203470636510
3001  6.25208865428680
3002  6.25214257853222
3003  6.25219647933005
3004  6.25225035627691
3005  6.25230420959018
3006  6.25235803931100
3007  6.25241184514965
3008  6.25246562770465
3009  6.25251938672274
3010  6.25257312220980
3011  6.25262683419344
3012  6.25268052267357
3013  6.25273418767833
3014  6.25278782922527
3015  6.25284144738025
3016  6.25289504206659
3017  6.25294861334874
3018  6.25300216124588
3019  6.25305568577594
3020  6.25310918696452
3021  6.25316266481472
3022  6.25321611935167
3023  6.25326955062409
3024  6.25332295859723
3025  6.25337634330168
3026  6.25342970469751
3027  6.25348304293633
3028  6.25353635799670
3029  6.25358964984610
3030  6.25364291852837
3031  6.25369616405287
3032  6.25374938644243
3033  6.25380258571528
3034  6.25385576171134
3035  6.25390891480327
3036  6.25396204483292
3037  6.25401515182460
3038  6.25406823577915
3039  6.25412129672328
3040  6.25417433467602
3041  6.25422734965308
3042  6.25428034167222
3043  6.25433331075209
3044  6.25438625690873
3045  6.25443918016033
3046  6.25449208051343
3047  6.25454495801624
3048  6.25459781265906
3049  6.25465064445387
3050  6.25470345345029
3051  6.25475623964169
3052  6.25480900304940
3053  6.25486174369090
3054  6.25491446158454
3055  6.25496715674794
3056  6.25501982919799
3057  6.25507247895348
3058  6.25512510602899
3059  6.25517771044393
3060  6.25523029222030
3061  6.25528285136720
3062  6.25533538790166
3063  6.25538790184305
3064  6.25544039321836
3065  6.25549286187610
3066  6.25554530814332
3067  6.25559773187592
3068  6.25565013311310
3069  6.25570251186174
3070  6.25575486821640
3071  6.25580720203639
3072  6.25585951341831
3073  6.25591180243827
3074  6.25596406900261
3075  6.25601631317171
3076  6.25606853496902
3077  6.25612073442162
3078  6.25617291156109
3079  6.25622506634909
3080  6.25627719883480
3081  6.25632930903452
3082  6.25638139696510
3083  6.25643346266984
3084  6.25648550611293
3085  6.25653752722062
3086  6.25658952624369
3087  6.25664150307744
3088  6.25667862277068
3089  6.25673055055344
3090  6.25678245606061
3091  6.25683433944739
3092  6.25688620073661
3093  6.25693803993951
3094  6.25698985707538
3095  6.25704165215893
3096  6.25709342520830
3097  6.25714517623817
3098  6.25719690526620
3099  6.25724861230860
3100  6.25730029738220
3101  6.25735196051146
3102  6.25740360169662
3103  6.25745522097240
3104  6.25750681833543
3105  6.25755839381244
3106  6.25760994742012
3107  6.25766147917326
3108  6.25771298907776
3109  6.25776447717003
3110  6.25781594348239
3111  6.25786738796448
3112  6.25791881068869
3113  6.25797021170519
3114  6.25802159094246
3115  6.25807294844723
3116  6.25812428424678
3117  6.25817559836313
3118  6.25822689079685
3119  6.25827816157246
3120  6.25832941083555
3121  6.25838063834288
3122  6.25843184424138
3123  6.25848302854568
3124  6.25853419127222
3125  6.25858533243889
3126  6.25863645205906
3127  6.25868755015626
3128  6.25873862673576
3129  6.25878968180452
3130  6.25884071541274
3131  6.25889172754708
3132  6.25894271822385
3133  6.25899368747245
3134  6.25904463533963
3135  6.25909556177303
3136  6.25914646682053
3137  6.25919735049901
3138  6.25924821282403
3139  6.25929905383770
3140  6.25934987350386
3141  6.25940067187009
3142  6.25945144891982
3143  6.25950220468764
3144  6.25955293918984
3145  6.25960365245149
3146  6.25965434469747
3147  6.25970501559668
3148  6.25975566523101
3149  6.25980629368893
3150  6.25985690097355
3151  6.25990748712311
3152  6.25995805213040
3153  6.26000859601113
3154  6.26005911879333
3155  6.26010962050607
3156  6.26016010115409
3157  6.26021056074849
3158  6.26026099930227
3159  6.26031141683642
3160  6.26036181336417
3161  6.26041218890202
3162  6.26046254346575
3163  6.26051287706803
3164  6.26056318972721
3165  6.26061348145724
3166  6.26066375227483
3167  6.26071400191205
3168  6.26076423095507
3169  6.26081443912371
3170  6.26086462644929
3171  6.26091479291532
3172  6.26096493853675
3173  6.26101506340863
3174  6.26106516742676
3175  6.26111525065393
3176  6.26116531313425
3177  6.26121535487202
3178  6.26126537588568
3179  6.26131537618381
3180  6.26136535577282
3181  6.26141531468599
3182  6.26146525292476
3183  6.26151517050049
3184  6.26156506743842
3185  6.26161494375098
3186  6.26166479944649
3187  6.26171463455178
3188  6.26176444907089
3189  6.26181424302727
3190  6.26186401643467
3191  6.26191376932371
3192  6.26196350168122
3193  6.26201321350831
3194  6.26206290484551
3195  6.26211257572060
3196  6.26216222614587
3197  6.26221185611430
3198  6.26226146564702
3199  6.26231105476726
3200  6.26236062348224
3201  6.26241017181200
3202  6.26245969977166
3203  6.26250920736953
3204  6.26255869463185
3205  6.26260816156082
3206  6.26265760817753
3207  6.26270703450031
3208  6.26275644054217
3209  6.26280582631224
3210  6.26285519182995
3211  6.26290453710408
3212  6.26295386215415
3213  6.26300316699555
3214  6.26305245167061
3215  6.26310171614945
3216  6.26315096044843
3217  6.26320018460134
3218  6.26324938860039
3219  6.26329857249063
3220  6.26334773627419
3221  6.26339687996597
3222  6.26344600359023
3223  6.26349510713863
3224  6.26354419063882
3225  6.26359325410423
3226  6.26364229755301
3227  6.26369132099250
3228  6.26374032444101
3229  6.26378930791148
3230  6.26383827142059
3231  6.26388721498046
3232  6.26393613860327
3233  6.26398504230241
3234  6.26403392609818
3235  6.26408279001163
3236  6.26413163403579
3237  6.26418045820202
3238  6.26422926251716
3239  6.26427804700338
3240  6.26432681165721
3241  6.26437555651928
3242  6.26442428159867
3243  6.26447298689380
3244  6.26452167242665
3245  6.26457033821228
3246  6.26461898426057
3247  6.26466761059313
3248  6.26471621722705
3249  6.26476480417390
3250  6.26481337142021
3251  6.26486191910602
3252  6.26491044708365
3253  6.26495895539626
3254  6.26500744411547
3255  6.26505591320978
3256  6.26510436270240
3257  6.26515279261561
3258  6.26520120295218
3259  6.26524959375060
3260  6.26529796501243
3261  6.26534631674353
3262  6.26539464897967
3263  6.26544296172417
3264  6.26549125498076
3265  6.26553952876904
3266  6.26558778310473
3267  6.26563601786656
3268  6.26568423313457
3269  6.26573242920380
3270  6.26578060586697
3271  6.26582876314677
3272  6.26587690105637
3273  6.26592501961020
3274  6.26597311882101
3275  6.26602119870429
3276  6.26606925935046
3277  6.26611730061710
3278  6.26616532259691
3279  6.26621332530359
3280  6.26626130876188
3281  6.26630927296228
3282  6.26635721792966
3283  6.26640514362970
3284  6.26645305013295
3285  6.26650093746803
3286  6.26654880562860
3287  6.26659665462956
3288  6.26664448457566
3289  6.26669229528894
3290  6.26674008689540
3291  6.26678785937529
3292  6.26683561276062
3293  6.26688334706190
3294  6.26693106229315
3295  6.26697875847186
3296  6.26702643560569
3297  6.26707409372038
3298  6.26712173281226
3299  6.26716935290117
3300  6.26721695399904
3301  6.26726453612307
3302  6.26731209929055
3303  6.26735964352116
3304  6.26740716882451
3305  6.26745467519654
3306  6.26750216264709
3307  6.26754963121175
3308  6.26759708089730
3309  6.26764451174862
3310  6.26769192371239
3311  6.26773931684125
3312  6.26778669112922
3313  6.26783404662652
3314  6.26788138330899
3315  6.26792870119048
3316  6.26797600029794
3317  6.26802328063975
3318  6.26807054223512
3319  6.26811778514101
3320  6.26816500927020
3321  6.26821221469439
3322  6.26825940142157
3323  6.26830656946061
3324  6.26835371882195
3325  6.26840084954249
3326  6.26844796161459
3327  6.26849505505040
3328  6.26854212985608
3329  6.26858918607376
3330  6.26863622369443
3331  6.26868324274079
3332  6.26873024321998
3333  6.26877722514596
3334  6.26882418852796
3335  6.26887113341172
3336  6.26891805975809
3337  6.26896496759892
3338  6.26901185695033
3339  6.26905872783913
3340  6.26910558025259
3341  6.26915241435089
3342  6.26919922988296
3343  6.26924602723401
3344  6.26929280592633
3345  6.26933956622349
3346  6.26938630812361
3347  6.26943303166259
3348  6.26947973683997
3349  6.26952642367398
3350  6.26957309216069
3351  6.26961974233255
3352  6.26966637419784
3353  6.26971298776433
3354  6.26975958305246
3355  6.26980616006727
3356  6.26985271881956
3357  6.26989925932569
3358  6.26994578159581
3359  6.26999228564982
3360  6.27003877149649
3361  6.27008523915655
3362  6.27013168862606
3363  6.27017811993107
3364  6.27022453307618
3365  6.27027092807638
3366  6.27031730494612
3367  6.27036366369681
3368  6.27041000435007
3369  6.27045632691035
3370  6.27050263139488
3371  6.27054891779589
3372  6.27059518614064
3373  6.27064143642874
3374  6.27068766872581
3375  6.27073388298438
3376  6.27078007922848
3377  6.27082625748364
3378  6.27087241775171
3379  6.27091856005036
3380  6.27096468439212
3381  6.27101079078934
3382  6.27105687932647
3383  6.27110294987226
3384  6.27114900260679
3385  6.27119503738170
3386  6.27124105424396
3387  6.27128705323288
3388  6.27133303436634
3389  6.27137899766201
3390  6.27142494311756
3391  6.27147087076020
3392  6.27151678057294
3393  6.27156267260191
3394  6.27160854684556
3395  6.27165440331839
3396  6.27170024508534
3397  6.27174606605880
3398  6.27179186946571
3399  6.27183765497414
3400  6.27188342276984
3401  6.27192917286625
3402  6.27197490527571
3403  6.27202062001000
3404  6.27206631708889
3405  6.27211199592787
3406  6.27215765771696
3407  6.27220330187333
3408  6.27224892841456
3409  6.27229453735495
3410  6.27234012870458
3411  6.27238570248287
3412  6.27243125868759
3413  6.27247679734467
3414  6.27252231844149
3415  6.27256782201883
3416  6.27261330807811
3417  6.27265877663186
3418  6.27270422770022
3419  6.27274966126339
3420  6.27279507737796
3421  6.27284047602629
3422  6.27288585722666
3423  6.27293122099271
3424  6.27297656733349
3425  6.27302189626174
3426  6.27306720780066
3427  6.27311250200147
3428  6.27315777876808
3429  6.27320303817155
3430  6.27324828022321
3431  6.27329350496768
3432  6.27333871235033
3433  6.27338390242406
3434  6.27342907518674
3435  6.27347423069102
3436  6.27351936887323
3437  6.27356448978049
3438  6.27360959344070
3439  6.27365467985549
3440  6.27369974904436
3441  6.27374480100139
3442  6.27378983574175
3443  6.27383485328778
3444  6.27387985364790
3445  6.27392483683087
3446  6.27396980285007
3447  6.27401475174125
3448  6.27405968348708
3449  6.27410459810966
3450  6.27414949491559
3451  6.27419435036484
3452  6.27423918632638
3453  6.27428400516364
3454  6.27432880704839
3455  6.27437359167951
3456  6.27441835921399
3457  6.27446310967643
3458  6.27450784306515
3459  6.27455255939797
3460  6.27459725867705
3461  6.27464194093065
3462  6.27468660617411
3463  6.27473125439902
3464  6.27477588563411
3465  6.27482049986100
3466  6.27486509712544
3467  6.27490967742443
3468  6.27495424077123
3469  6.27499878718316
3470  6.27504331666057
3471  6.27508782922497
3472  6.27513232529960
3473  6.27517680405339
3474  6.27522126592066
3475  6.27526571091533
3476  6.27531013904781
3477  6.27535455033725
3478  6.27539894477839
3479  6.27544332239850
3480  6.27548768319435
3481  6.27553202718259
3482  6.27557635437767
3483  6.27562066478718
3484  6.27566495842070
3485  6.27570923529706
3486  6.27575349543158
3487  6.27579773881888
3488  6.27584196546922
3489  6.27588617540851
3490  6.27593036864573
3491  6.27597454518774
3492  6.27601870511918
3493  6.27606284831239
3494  6.27610697487328
3495  6.27615108474954
3496  6.27619517798544
3497  6.27623925459458
3498  6.27628331461380
3499  6.27632735800622
3500  6.27637138479751
3501  6.27641539501107
